# 1 2 3 4 5 6 7 8 9 10 11 12 13 14 15 16
7.865195362404646673e-01 4.096281405415298948e+00 4.409154755684235205e+00 2.282818831650521130e+00 1.867674546073535113e+00 1.612148299988090061e+00 3.580557000608399321e+00 4.921193711793903525e+00 2.991510672165702545e+00 4.212774083493216359e+00 4.268678842813300456e+00 4.225028329745099676e+00 4.694525738892088462e+00 4.437522252814847690e+00 4.653248241002195584e+00 6.714821141103652025e+00
5.586760075555169680e-06 7.717662438726593816e-05 5.735935033122656395e-05 1.998296623440092362e-05 3.540331039137660908e-05 2.828906385024187943e-05 1.753180014041863283e-04 1.014070984485746776e-04 2.189507575967727601e-04 7.071722989191060998e-05 5.995651225114566915e-05 5.764593675912568088e-05 1.839938950085289848e-04 6.968644169963256814e-05 3.234049980335457360e-04 3.998500651406697564e-04
8.610215379068440755e-03 1.622049001625157708e-02 1.310928873504614914e-02 1.468560432014404289e-02 1.294554449405369879e-02 7.280398311307255677e-01 1.679502704754264747e-02 3.760678354066332996e-01 1.820866717982592281e-02 1.566341503474120642e-02 1.480858913029250816e-02 1.015129243941729653e+00 1.822598098275843626e+00 1.302460823399073826e-02 1.001399161340496224e+00 1.124446883777413975e+00
4.261976853391845612e-08 1.619325737242016136e-07 1.185345682570115182e-07 1.032473482493865271e-07 1.030593076308826975e-07 1.081416802960056554e-05 1.217002428350608932e-07 8.616646307643722341e-06 8.764793035913068286e-08 1.415414970169413071e-07 1.324991271715789758e-07 6.139477043399286344e-06 8.668265394571427184e-06 1.043055074164084571e-07 2.393535466695485778e-06 4.993698060375933014e-06
1.535582065552489798e-15 1.433173047995660547e-18 1.127808229897388505e-18 1.273549725718080740e-18 1.504987519085859827e-16 8.767311954109771614e-17 1.483647585162309354e-18 2.627168948924585672e-17 1.358672685483233846e-18 1.391863049976901222e-18 1.046955616043481274e-18 2.722480331924572233e-17 6.330034473162096595e-17 1.137427120566378555e-18 1.019866728857975397e-14 7.584619110629459959e-17
1.001976895988569760e+00 2.965926975977895745e-04 2.857026262954791653e-04 3.087314501021666069e-04 3.071144254701858173e-04 2.684243658148858331e-04 3.421097788525338454e-04 3.089436290544022635e-04 2.618051944078561241e-04 3.045468588259211810e-04 2.545106276191053422e-04 2.991124179494888524e-04 2.545499254370021686e-04 2.864387448721317730e-04 7.361844036495574992e-03 2.584370610921589255e-04
3.349994733499963261e-03 8.400603519591076304e-03 5.564360975987591926e-03 6.465652317369961592e-03 5.887433151551241250e-03 2.929282215515824350e-01 7.657360622565878398e-03 6.638609560860153636e-01 1.128060344341829009e-02 7.574196471315359190e-03 8.029876302366401042e-03 5.944572522985636792e-02 1.381659160571018896e+00 5.461843059697679172e-03 5.434594370941676217e-02 9.426760790052077787e-01
2.739766454665439444e+00 3.570533595527539905e+00 2.978952997884331211e+00 4.164471348499859005e+00 3.908386451736981737e+00 1.742130582795258675e+00 2.770762508102405874e+00 3.857969260444658932e+00 1.533619472776101889e+00 2.702115005533864966e+00 3.869726803621430733e+00 1.861052817364436729e+00 1.759520695268175894e+00 1.620984934044491510e+00 1.782487073476678896e+00 3.161534342554322308e+00
1.634680377917373955e-17 3.758008856122004862e-20 2.954980059935025102e-20 6.648996472724627869e-19 3.549306313211200661e-16 2.835287089481916546e-18 3.967397290434424602e-20 5.010597319681505798e-19 3.004336290164716218e-20 3.734200269551053306e-20 2.208876723527615440e-20 2.071490313074603823e-17 2.374018473984793550e-16 1.358238438775652060e-18 1.342570832648068097e-15 1.409313828772683017e-18
1.831021092981314699e-02 2.719642250121448793e-02 2.625792231183258357e-02 1.040389410332818843e+00 2.449301994532551707e-02 2.453032065966597591e-02 3.186906135510494259e-02 2.893869709194335504e-02 2.404605552766721568e-02 2.816563650429798615e-02 2.353208599521576863e-02 1.036572688890130323e+00 2.102046350847335709e+00 3.141696960076109324e+00 2.062210809506394682e+00 2.425138233455223502e-02
1.946088121250424312e-04 2.887364538916975510e-04 2.781336992378342075e-04 3.005506248800259386e-04 3.000428649780118354e-04 2.613304851582712979e-04 3.330393409877715821e-04 3.007514678489111768e-04 2.548698995027084448e-04 2.964758377490695341e-04 2.477659637263591292e-04 2.912387922185013362e-04 2.480655536645027040e-04 2.788543538681128014e-04 9.959630073840195497e-01 2.515866427196903352e-04
1.997212889059122492e-04 2.963646145972039913e-04 2.854828840592492432e-04 3.084939409268781492e-04 1.001056335571061329e+00 2.682184160812001736e-04 3.418464404121037922e-04 3.087057878022138649e-04 2.616038481721984460e-04 3.043125380560193316e-04 2.543148143298679196e-04 2.988838271154974622e-04 2.543616647663478033e-04 2.862185536029425979e-04 7.361595508676683532e-03 2.582381740091914857e-04
7.701674737697079137e-03 1.146437057961302575e-02 1.105960515900792328e-02 1.200719556661655925e-02 1.031210716922121608e-02 1.034495232173707896e-02 1.335349148467747903e-02 1.209792417157409643e-02 1.012882215107210708e-02 1.183414494300877307e-02 9.886629717281663829e-03 1.017730236678028310e+00 1.040702479107027845e+00 3.088483603861234883e+00 1.028201569792463799e+00 1.012773644524253558e-02
1.623258080329993958e-19 3.707992223600387086e-19 3.613798615952015865e-19 3.982187276684628116e-19 4.061990176786104595e-19 3.415076964309151887e-19 4.381982570720210091e-19 3.506827779456778242e-19 2.979947411816043895e-19 3.830126557308567602e-19 2.650556196949625432e-19 2.616482860187818768e-17 2.944125068824880307e-17 6.545107669227332531e-17 2.097426345391951174e-15 2.217717610355877470e-19
0.000000000000000000e+00 0.000000000000000000e+00 0.000000000000000000e+00 0.000000000000000000e+00 0.000000000000000000e+00 0.000000000000000000e+00 0.000000000000000000e+00 0.000000000000000000e+00 0.000000000000000000e+00 0.000000000000000000e+00 0.000000000000000000e+00 0.000000000000000000e+00 0.000000000000000000e+00 0.000000000000000000e+00 0.000000000000000000e+00 0.000000000000000000e+00
0.000000000000000000e+00 0.000000000000000000e+00 0.000000000000000000e+00 0.000000000000000000e+00 0.000000000000000000e+00 0.000000000000000000e+00 0.000000000000000000e+00 0.000000000000000000e+00 0.000000000000000000e+00 0.000000000000000000e+00 0.000000000000000000e+00 0.000000000000000000e+00 0.000000000000000000e+00 0.000000000000000000e+00 0.000000000000000000e+00 0.000000000000000000e+00
0.000000000000000000e+00 0.000000000000000000e+00 0.000000000000000000e+00 0.000000000000000000e+00 0.000000000000000000e+00 0.000000000000000000e+00 0.000000000000000000e+00 0.000000000000000000e+00 0.000000000000000000e+00 0.000000000000000000e+00 0.000000000000000000e+00 0.000000000000000000e+00 0.000000000000000000e+00 0.000000000000000000e+00 0.000000000000000000e+00 0.000000000000000000e+00
0.000000000000000000e+00 0.000000000000000000e+00 0.000000000000000000e+00 0.000000000000000000e+00 0.000000000000000000e+00 0.000000000000000000e+00 0.000000000000000000e+00 0.000000000000000000e+00 0.000000000000000000e+00 0.000000000000000000e+00 0.000000000000000000e+00 0.000000000000000000e+00 0.000000000000000000e+00 0.000000000000000000e+00 0.000000000000000000e+00 0.000000000000000000e+00
0.000000000000000000e+00 0.000000000000000000e+00 0.000000000000000000e+00 0.000000000000000000e+00 0.000000000000000000e+00 0.000000000000000000e+00 0.000000000000000000e+00 0.000000000000000000e+00 0.000000000000000000e+00 0.000000000000000000e+00 0.000000000000000000e+00 0.000000000000000000e+00 0.000000000000000000e+00 0.000000000000000000e+00 0.000000000000000000e+00 0.000000000000000000e+00
0.000000000000000000e+00 0.000000000000000000e+00 0.000000000000000000e+00 0.000000000000000000e+00 0.000000000000000000e+00 0.000000000000000000e+00 0.000000000000000000e+00 0.000000000000000000e+00 0.000000000000000000e+00 0.000000000000000000e+00 0.000000000000000000e+00 0.000000000000000000e+00 0.000000000000000000e+00 0.000000000000000000e+00 0.000000000000000000e+00 0.000000000000000000e+00
0.000000000000000000e+00 0.000000000000000000e+00 0.000000000000000000e+00 0.000000000000000000e+00 0.000000000000000000e+00 0.000000000000000000e+00 0.000000000000000000e+00 0.000000000000000000e+00 0.000000000000000000e+00 0.000000000000000000e+00 0.000000000000000000e+00 0.000000000000000000e+00 0.000000000000000000e+00 0.000000000000000000e+00 0.000000000000000000e+00 0.000000000000000000e+00
0.000000000000000000e+00 0.000000000000000000e+00 0.000000000000000000e+00 0.000000000000000000e+00 0.000000000000000000e+00 0.000000000000000000e+00 0.000000000000000000e+00 0.000000000000000000e+00 0.000000000000000000e+00 0.000000000000000000e+00 0.000000000000000000e+00 0.000000000000000000e+00 0.000000000000000000e+00 0.000000000000000000e+00 0.000000000000000000e+00 0.000000000000000000e+00
0.000000000000000000e+00 0.000000000000000000e+00 0.000000000000000000e+00 0.000000000000000000e+00 0.000000000000000000e+00 0.000000000000000000e+00 0.000000000000000000e+00 0.000000000000000000e+00 0.000000000000000000e+00 0.000000000000000000e+00 0.000000000000000000e+00 0.000000000000000000e+00 0.000000000000000000e+00 0.000000000000000000e+00 0.000000000000000000e+00 0.000000000000000000e+00
0.000000000000000000e+00 0.000000000000000000e+00 0.000000000000000000e+00 0.000000000000000000e+00 0.000000000000000000e+00 0.000000000000000000e+00 0.000000000000000000e+00 0.000000000000000000e+00 0.000000000000000000e+00 0.000000000000000000e+00 0.000000000000000000e+00 0.000000000000000000e+00 0.000000000000000000e+00 0.000000000000000000e+00 0.000000000000000000e+00 0.000000000000000000e+00
0.000000000000000000e+00 0.000000000000000000e+00 0.000000000000000000e+00 0.000000000000000000e+00 0.000000000000000000e+00 0.000000000000000000e+00 0.000000000000000000e+00 0.000000000000000000e+00 0.000000000000000000e+00 0.000000000000000000e+00 0.000000000000000000e+00 0.000000000000000000e+00 0.000000000000000000e+00 0.000000000000000000e+00 0.000000000000000000e+00 0.000000000000000000e+00
0.000000000000000000e+00 0.000000000000000000e+00 0.000000000000000000e+00 0.000000000000000000e+00 0.000000000000000000e+00 0.000000000000000000e+00 0.000000000000000000e+00 0.000000000000000000e+00 0.000000000000000000e+00 0.000000000000000000e+00 0.000000000000000000e+00 0.000000000000000000e+00 0.000000000000000000e+00 0.000000000000000000e+00 0.000000000000000000e+00 0.000000000000000000e+00
0.000000000000000000e+00 0.000000000000000000e+00 0.000000000000000000e+00 0.000000000000000000e+00 0.000000000000000000e+00 0.000000000000000000e+00 0.000000000000000000e+00 0.000000000000000000e+00 0.000000000000000000e+00 0.000000000000000000e+00 0.000000000000000000e+00 0.000000000000000000e+00 0.000000000000000000e+00 0.000000000000000000e+00 0.000000000000000000e+00 0.000000000000000000e+00
0.000000000000000000e+00 0.000000000000000000e+00 0.000000000000000000e+00 0.000000000000000000e+00 0.000000000000000000e+00 0.000000000000000000e+00 0.000000000000000000e+00 0.000000000000000000e+00 0.000000000000000000e+00 0.000000000000000000e+00 0.000000000000000000e+00 0.000000000000000000e+00 0.000000000000000000e+00 0.000000000000000000e+00 0.000000000000000000e+00 0.000000000000000000e+00
0.000000000000000000e+00 0.000000000000000000e+00 0.000000000000000000e+00 0.000000000000000000e+00 0.000000000000000000e+00 0.000000000000000000e+00 0.000000000000000000e+00 0.000000000000000000e+00 0.000000000000000000e+00 0.000000000000000000e+00 0.000000000000000000e+00 0.000000000000000000e+00 0.000000000000000000e+00 0.000000000000000000e+00 0.000000000000000000e+00 0.000000000000000000e+00
0.000000000000000000e+00 0.000000000000000000e+00 0.000000000000000000e+00 0.000000000000000000e+00 0.000000000000000000e+00 0.000000000000000000e+00 0.000000000000000000e+00 0.000000000000000000e+00 0.000000000000000000e+00 0.000000000000000000e+00 0.000000000000000000e+00 0.000000000000000000e+00 0.000000000000000000e+00 0.000000000000000000e+00 0.000000000000000000e+00 0.000000000000000000e+00
0.000000000000000000e+00 0.000000000000000000e+00 0.000000000000000000e+00 0.000000000000000000e+00 0.000000000000000000e+00 0.000000000000000000e+00 0.000000000000000000e+00 0.000000000000000000e+00 0.000000000000000000e+00 0.000000000000000000e+00 0.000000000000000000e+00 0.000000000000000000e+00 0.000000000000000000e+00 0.000000000000000000e+00 0.000000000000000000e+00 0.000000000000000000e+00
0.000000000000000000e+00 0.000000000000000000e+00 0.000000000000000000e+00 0.000000000000000000e+00 0.000000000000000000e+00 0.000000000000000000e+00 0.000000000000000000e+00 0.000000000000000000e+00 0.000000000000000000e+00 0.000000000000000000e+00 0.000000000000000000e+00 0.000000000000000000e+00 0.000000000000000000e+00 0.000000000000000000e+00 0.000000000000000000e+00 0.000000000000000000e+00
0.000000000000000000e+00 0.000000000000000000e+00 0.000000000000000000e+00 0.000000000000000000e+00 0.000000000000000000e+00 0.000000000000000000e+00 0.000000000000000000e+00 0.000000000000000000e+00 0.000000000000000000e+00 0.000000000000000000e+00 0.000000000000000000e+00 0.000000000000000000e+00 0.000000000000000000e+00 0.000000000000000000e+00 0.000000000000000000e+00 0.000000000000000000e+00
0.000000000000000000e+00 0.000000000000000000e+00 0.000000000000000000e+00 0.000000000000000000e+00 0.000000000000000000e+00 0.000000000000000000e+00 0.000000000000000000e+00 0.000000000000000000e+00 0.000000000000000000e+00 0.000000000000000000e+00 0.000000000000000000e+00 0.000000000000000000e+00 0.000000000000000000e+00 0.000000000000000000e+00 0.000000000000000000e+00 0.000000000000000000e+00
0.000000000000000000e+00 0.000000000000000000e+00 0.000000000000000000e+00 0.000000000000000000e+00 0.000000000000000000e+00 0.000000000000000000e+00 0.000000000000000000e+00 0.000000000000000000e+00 0.000000000000000000e+00 0.000000000000000000e+00 0.000000000000000000e+00 0.000000000000000000e+00 0.000000000000000000e+00 0.000000000000000000e+00 0.000000000000000000e+00 0.000000000000000000e+00
0.000000000000000000e+00 0.000000000000000000e+00 0.000000000000000000e+00 0.000000000000000000e+00 0.000000000000000000e+00 0.000000000000000000e+00 0.000000000000000000e+00 0.000000000000000000e+00 0.000000000000000000e+00 0.000000000000000000e+00 0.000000000000000000e+00 0.000000000000000000e+00 0.000000000000000000e+00 0.000000000000000000e+00 0.000000000000000000e+00 0.000000000000000000e+00
0.000000000000000000e+00 0.000000000000000000e+00 0.000000000000000000e+00 0.000000000000000000e+00 0.000000000000000000e+00 0.000000000000000000e+00 0.000000000000000000e+00 0.000000000000000000e+00 0.000000000000000000e+00 0.000000000000000000e+00 0.000000000000000000e+00 0.000000000000000000e+00 0.000000000000000000e+00 0.000000000000000000e+00 0.000000000000000000e+00 0.000000000000000000e+00
0.000000000000000000e+00 0.000000000000000000e+00 0.000000000000000000e+00 0.000000000000000000e+00 0.000000000000000000e+00 0.000000000000000000e+00 0.000000000000000000e+00 0.000000000000000000e+00 0.000000000000000000e+00 0.000000000000000000e+00 0.000000000000000000e+00 0.000000000000000000e+00 0.000000000000000000e+00 0.000000000000000000e+00 0.000000000000000000e+00 0.000000000000000000e+00
0.000000000000000000e+00 0.000000000000000000e+00 0.000000000000000000e+00 0.000000000000000000e+00 0.000000000000000000e+00 0.000000000000000000e+00 0.000000000000000000e+00 0.000000000000000000e+00 0.000000000000000000e+00 0.000000000000000000e+00 0.000000000000000000e+00 0.000000000000000000e+00 0.000000000000000000e+00 0.000000000000000000e+00 0.000000000000000000e+00 0.000000000000000000e+00
0.000000000000000000e+00 0.000000000000000000e+00 0.000000000000000000e+00 0.000000000000000000e+00 0.000000000000000000e+00 0.000000000000000000e+00 0.000000000000000000e+00 0.000000000000000000e+00 0.000000000000000000e+00 0.000000000000000000e+00 0.000000000000000000e+00 0.000000000000000000e+00 0.000000000000000000e+00 0.000000000000000000e+00 0.000000000000000000e+00 0.000000000000000000e+00
0.000000000000000000e+00 0.000000000000000000e+00 0.000000000000000000e+00 0.000000000000000000e+00 0.000000000000000000e+00 0.000000000000000000e+00 0.000000000000000000e+00 0.000000000000000000e+00 0.000000000000000000e+00 0.000000000000000000e+00 0.000000000000000000e+00 0.000000000000000000e+00 0.000000000000000000e+00 0.000000000000000000e+00 0.000000000000000000e+00 0.000000000000000000e+00
0.000000000000000000e+00 0.000000000000000000e+00 0.000000000000000000e+00 0.000000000000000000e+00 0.000000000000000000e+00 0.000000000000000000e+00 0.000000000000000000e+00 0.000000000000000000e+00 0.000000000000000000e+00 0.000000000000000000e+00 0.000000000000000000e+00 0.000000000000000000e+00 0.000000000000000000e+00 0.000000000000000000e+00 0.000000000000000000e+00 0.000000000000000000e+00
# (N0,N1,mut) (N0,Mouse,mut) (N1,N2,mut) (N1,N6,mut) (N2,N3,mut) (N2,Gibbon,mut) (N6,Olive_baboon,mut) (N6,Macaque,mut) (N3,N4,mut) (N3,Orangutan,mut) (N4,N5,mut) (N4,Gorilla,mut) (N5,Human,mut) (N5,Chimpanzee,mut) (N0,N1,1->2) (N0,Mouse,1->2) (N1,N2,1->2) (N1,N6,1->2) (N2,N3,1->2) (N2,Gibbon,1->2) (N6,Olive_baboon,1->2) (N6,Macaque,1->2) (N3,N4,1->2) (N3,Orangutan,1->2) (N4,N5,1->2) (N4,Gorilla,1->2) (N5,Human,1->2) (N5,Chimpanzee,1->2) (N0,N1,2->1) (N0,Mouse,2->1) (N1,N2,2->1) (N1,N6,2->1) (N2,N3,2->1) (N2,Gibbon,2->1) (N6,Olive_baboon,2->1) (N6,Macaque,2->1) (N3,N4,2->1) (N3,Orangutan,2->1) (N4,N5,2->1) (N4,Gorilla,2->1) (N5,Human,2->1) (N5,Chimpanzee,2->1)
