# 1 2 3 4 5 6 7 8 9 10 11 12 13 14 15 16 17 18 19 20 21 22
1.123783351811807663e+00 1.181632471416058872e+00 1.030693807592721334e-01 1.495321713169814604e-01 1.291159335680396536e+00 1.080827907403228094e+00 2.354439693171293868e+00 4.290626732774157071e-01 2.181320188150068340e+00 1.289581204212564502e+00 2.196029769534975085e+00 1.560212265928852260e-01 2.855913105397370200e-01 1.148192577712461970e+00 1.061329496899095615e+00 1.114820255447479314e+00 1.042846210355686809e-01 2.255284255078302103e+00 1.192781208768182610e+00 2.075370192698704486e+00 1.078491234660759579e+00 2.508924259824446779e+00
2.393285300969507536e-05 3.285515554867561404e-05 1.834210748267595044e-06 2.200734075745939564e-06 3.177497216540326434e-05 3.795787432464802343e-05 2.508607474931245609e-05 1.309162071640230118e-05 6.191371981415546687e-05 4.242508758059923432e-05 1.616718214778221311e-04 2.720587368294766797e-06 8.313301500040379361e-06 3.852281473521808775e-05 3.753772329726880240e-05 3.818590648297761681e-05 1.524013750650280373e-06 1.079701851539168275e-04 1.060810737726630980e-05 2.806302960860235595e-05 4.505447079733493397e-05 5.563069288015392157e-05
7.211501135671121408e-03 7.166477812976074571e-03 3.014510255821504364e-03 3.888716431453873457e-03 9.031649866931931725e-03 9.672033881032203809e-03 4.777488491360630009e-03 7.875157177594565017e-01 1.185623364283750272e-02 6.566737463679529763e-02 5.444379595643517034e-01 4.294934485928817401e-03 1.352036285412590577e-01 1.166449451119080417e-02 1.086933876149680754e-02 9.718242602946755015e-01 2.878263477959678174e-03 1.027907474037550728e-01 4.766241778985489015e-03 3.672475284985673993e-01 8.645110278929911407e-03 9.155934464397961214e-01
1.071923741309492584e-02 9.846033028349850807e-03 5.611252938823315696e-03 7.391909074708975444e-03 1.266627452645432625e-02 1.228997226366656745e-02 6.589347310661395653e-03 2.286676856839500727e-01 1.543018525561721047e-02 3.110576471545829433e-02 1.521913928017024631e+00 8.028949515766790890e-03 8.880111485726865928e-01 1.630768663463102661e-02 2.208744498655762500e-02 5.495117303999721287e-02 5.455707292848954032e-03 9.897719723947282500e-01 7.810433976452151213e-03 7.684188369938064200e-01 1.124242406955435966e-02 1.109477520314158472e+00
1.363931914919377822e-09 1.294917253694208947e-09 7.467964861123841148e-10 7.700581210813680724e-10 1.880782229710037627e-09 2.575999513783413989e-09 4.931390826621792148e-10 2.095184531098269927e-07 2.447597875798002075e-09 2.799852729878803612e-08 1.066587242864024823e-06 1.037159028524480791e-09 4.927152421379368996e-08 1.375203882681410556e-08 1.521805172621344555e-08 6.221799472039052319e-08 1.031686838214404758e-08 3.395109842731096505e-07 2.838808055737104534e-09 3.545591716035990699e-08 6.213368254259133660e-08 1.258042431800282590e-06
1.013493988115810873e-01 7.735756673192162314e-02 7.360917965839773591e-02 1.052810142543509769e-01 1.069636871584261628e-01 7.510887223962806059e-02 5.121590276888022403e-02 1.361403257557941282e-01 1.057057853247379831e-01 1.053531625473272504e+00 1.055752587851090496e+00 1.102676304973338878e-01 2.268312825607756711e+00 1.129369008551768694e+00 1.111005806076141633e+00 2.245771480801548758e+00 1.062198068853530186e+00 2.248084459187912554e+00 1.134158718669492139e+00 3.335049202404117175e+00 1.060990996523750285e+00 3.200476614768994477e+00
8.961813018269159624e-10 6.820984432314330006e-10 5.057754684482232001e-10 9.391016060838264344e-10 9.454332823465216040e-10 2.519076315631307009e-10 7.432257631613147908e-10 1.827961318579691235e-09 3.871498187322439438e-10 5.363532450494486988e-07 3.151194116629004398e-09 1.023438022944181270e-09 2.151300696839529637e-10 1.432080646296973509e-10 1.216725706104556216e-07 9.971017046844855475e-11 7.354470224281027286e-11 5.856953152386242044e-10 5.924446934056492299e-11 9.541798868763050660e-11 2.070907728862049500e-10 3.310337899060406492e-09
7.985846140320082326e-05 5.985973445107136868e-05 5.921510050823372231e-05 7.798629200790443744e-05 8.025549432780562783e-05 5.950633235996354145e-05 4.087465444896523056e-05 1.223192672011720421e-04 7.900217502318207768e-05 2.479219017726690469e-02 1.644669118678887976e-03 8.412465825440739895e-05 8.516106104690477491e-05 1.051716612138807537e-04 3.294843406442755085e-01 5.765411794505987439e-05 5.884520739314283720e-05 1.125152209218164336e-04 6.789473429863980753e-05 7.692047394339307823e-05 6.245576710754488221e-05 1.546602830389079983e-04
1.870004945291855244e-04 1.399251266051906048e-04 1.383956918212521738e-04 1.822935776538361257e-04 1.877364509214131979e-04 1.391140712288816762e-04 9.570604794081041453e-05 2.974758775985787218e-04 1.844719451201287685e-04 9.280130716798125068e-01 4.898315364249890974e-03 1.969624815855096594e-04 2.014687309669538253e-04 2.461744945247792992e-04 1.132003052994778186e-02 1.349713434220697319e-04 1.377865958155062923e-04 2.685026038574316130e-04 1.584837734921401098e-04 1.797710348896756319e-04 1.483279412022693524e-04 4.174813197985993685e-04
2.145747615964414212e+00 2.228316041705437733e+00 3.402287844052442001e+00 3.209902967870099655e+00 2.212076562192162754e+00 1.301008065951821058e+00 2.118029191047273496e+00 2.163439714707483752e+00 2.235226718006875224e+00 2.473457843366484998e-01 1.088118041024762617e+00 3.218542509858417056e+00 1.706149420198357358e-01 2.144937008890799024e-01 1.189471742695299289e-01 1.121077757607259473e-01 1.163811440837986821e-01 2.109531508168495939e-01 1.415380408845257343e-01 1.641555102740995531e-01 1.154874068719085600e-01 1.436595785669885772e-01
7.987753674297242280e-05 5.986911628244000178e-05 5.923132394593149720e-05 7.796629753345430053e-05 8.024901482168189681e-05 5.950773125056111186e-05 4.088657101637078518e-05 1.222423808801664628e-04 7.899956266484346279e-05 2.477413466583832172e-02 1.645583701923452897e-03 8.413483763185606592e-05 8.516698235578378591e-05 1.051416526657764468e-04 3.297258796153453853e-01 5.766188913257494828e-05 5.884154975924409077e-05 1.125252627578061248e-04 6.788505362596197930e-05 7.690992418982624918e-05 6.246453611964722884e-05 1.546855999137708958e-04
2.039663371972243733e-01 1.856547731115845701e-01 1.612498731547515329e-01 2.368346792974508064e-01 2.292309326630207755e-01 1.754545861666568507e-01 1.611824493175049999e-01 2.470010720333664367e-01 2.310008283150890573e-01 2.255342374817529971e-01 1.641104857755958379e-01 2.245769751707812067e-01 2.266746103019994518e-01 2.469999603415817258e-01 1.613474248341714157e-01 1.610511968673105643e-01 1.887570295679600607e-01 2.335695190000840471e-01 2.082138979184846861e-01 2.347811620642626107e-01 1.701088215175063090e-01 2.078325593399390492e-01
2.006813071974872004e-04 1.484706035858634121e-04 1.509634916919400636e-04 1.931644708715237477e-04 2.000136770269822441e-04 1.492058203384741440e-04 9.944453163503631928e-05 2.644464152166692565e-04 1.981211384574182153e-04 1.982809179781663063e-04 1.453817895306416667e-04 2.117371222056431022e-04 5.839967819652772899e-04 7.028994481915084224e-04 2.093029551118561914e-04 3.323284751876867866e-04 5.311953104287514289e-04 9.342737397843515123e-04 2.646233182672112143e-04 7.521682208709180167e-04 1.484655229919370524e-04 9.270186518900587203e-01
1.351257548647494024e-11 8.077049644974599090e-12 1.086120183291528487e-11 1.004523937986008935e-11 1.154359268077918623e-11 9.228595523567742745e-12 4.726576604963327524e-12 2.201487797664093493e-11 1.131646532901190218e-11 6.918111442317721625e-08 3.662947966933422583e-10 1.406976842556739828e-11 3.082107988432295286e-11 5.634945443983310180e-11 1.133805377733262008e-09 1.463746490417684620e-11 3.553380071857609105e-11 6.420967599739901862e-11 1.062098276875661747e-11 2.965321583639491049e-11 1.032882534306041860e-11 2.920017101207614641e-07
2.039663251177169234e-01 1.856547725428254469e-01 1.612498712851851146e-01 2.368346840346209070e-01 2.292309374809971267e-01 1.754545853592516524e-01 1.611824513841639273e-01 2.470004879426088984e-01 2.310008289834247774e-01 2.253176878471185307e-01 1.641214752631817708e-01 2.245769673189400573e-01 2.266745838428782522e-01 2.469999330674010340e-01 1.642759536392946196e-01 1.610511961609723819e-01 1.887570339151692367e-01 2.335697125980965294e-01 2.082138981393824584e-01 2.347811659488292790e-01 1.701088542861911856e-01 2.078328357721545561e-01
7.985640823331873394e-05 5.985964216860842709e-05 5.921479201297689618e-05 7.798709678302396153e-05 8.025631568395526639e-05 5.950619840154254580e-05 4.087499979226661724e-05 1.222210921594416933e-04 7.900228573974036781e-05 2.475607428280320044e-02 1.646492072287158949e-03 8.412334391386171130e-05 8.515661860671666910e-05 1.051670775111527065e-04 3.299674850193952680e-01 5.765400435864801208e-05 5.884592854718663995e-05 1.125484160459435805e-04 6.789477095759265839e-05 7.692111668043250504e-05 6.246118900150303031e-05 1.547058440052789861e-04
6.217763367710490291e-02 4.731039999457740258e-02 4.543366877388226033e-02 6.377317314935093684e-02 6.495265055062231230e-02 4.617900645634331891e-02 3.148368454971862268e-02 8.313764514634006120e-02 6.422044348003956571e-02 6.423284724234699927e-02 4.467704326885364730e-02 6.717958213427374647e-02 2.197846738479403150e+00 1.079127022927594659e+00 1.066834537794524529e+00 2.184891471471066549e+00 1.038672437035115248e+00 2.182008204889735570e+00 1.090078693447832592e+00 3.252790325723234233e+00 4.552091122653077748e-02 2.355133625889868743e+00
2.665281703406457568e-04 1.981301216083163552e-04 2.001211347353284889e-04 2.578297644549754509e-04 2.664053144270912919e-04 1.985393228202857662e-04 1.331598600821813552e-04 3.512154254545806278e-04 2.638963034906772055e-04 2.640353953159930230e-04 1.933650339744454386e-04 2.811298915299555710e-04 6.519340183286885656e-04 7.896811706405871406e-04 2.552954496355726451e-04 3.799936403701000649e-04 5.797127987003737647e-04 1.021013835436216819e-03 3.212339229150749085e-04 8.163553915434079928e-04 1.973567509899592511e-04 1.083364705217799484e+00
0.000000000000000000e+00 0.000000000000000000e+00 0.000000000000000000e+00 0.000000000000000000e+00 0.000000000000000000e+00 0.000000000000000000e+00 0.000000000000000000e+00 0.000000000000000000e+00 0.000000000000000000e+00 0.000000000000000000e+00 0.000000000000000000e+00 0.000000000000000000e+00 0.000000000000000000e+00 0.000000000000000000e+00 0.000000000000000000e+00 0.000000000000000000e+00 0.000000000000000000e+00 0.000000000000000000e+00 0.000000000000000000e+00 0.000000000000000000e+00 0.000000000000000000e+00 0.000000000000000000e+00
0.000000000000000000e+00 0.000000000000000000e+00 0.000000000000000000e+00 0.000000000000000000e+00 0.000000000000000000e+00 0.000000000000000000e+00 0.000000000000000000e+00 0.000000000000000000e+00 0.000000000000000000e+00 0.000000000000000000e+00 0.000000000000000000e+00 0.000000000000000000e+00 0.000000000000000000e+00 0.000000000000000000e+00 0.000000000000000000e+00 0.000000000000000000e+00 0.000000000000000000e+00 0.000000000000000000e+00 0.000000000000000000e+00 0.000000000000000000e+00 0.000000000000000000e+00 0.000000000000000000e+00
0.000000000000000000e+00 0.000000000000000000e+00 0.000000000000000000e+00 0.000000000000000000e+00 0.000000000000000000e+00 0.000000000000000000e+00 0.000000000000000000e+00 0.000000000000000000e+00 0.000000000000000000e+00 0.000000000000000000e+00 0.000000000000000000e+00 0.000000000000000000e+00 0.000000000000000000e+00 0.000000000000000000e+00 0.000000000000000000e+00 0.000000000000000000e+00 0.000000000000000000e+00 0.000000000000000000e+00 0.000000000000000000e+00 0.000000000000000000e+00 0.000000000000000000e+00 0.000000000000000000e+00
0.000000000000000000e+00 0.000000000000000000e+00 0.000000000000000000e+00 0.000000000000000000e+00 0.000000000000000000e+00 0.000000000000000000e+00 0.000000000000000000e+00 0.000000000000000000e+00 0.000000000000000000e+00 0.000000000000000000e+00 0.000000000000000000e+00 0.000000000000000000e+00 0.000000000000000000e+00 0.000000000000000000e+00 0.000000000000000000e+00 0.000000000000000000e+00 0.000000000000000000e+00 0.000000000000000000e+00 0.000000000000000000e+00 0.000000000000000000e+00 0.000000000000000000e+00 0.000000000000000000e+00
0.000000000000000000e+00 0.000000000000000000e+00 0.000000000000000000e+00 0.000000000000000000e+00 0.000000000000000000e+00 0.000000000000000000e+00 0.000000000000000000e+00 0.000000000000000000e+00 0.000000000000000000e+00 0.000000000000000000e+00 0.000000000000000000e+00 0.000000000000000000e+00 0.000000000000000000e+00 0.000000000000000000e+00 0.000000000000000000e+00 0.000000000000000000e+00 0.000000000000000000e+00 0.000000000000000000e+00 0.000000000000000000e+00 0.000000000000000000e+00 0.000000000000000000e+00 0.000000000000000000e+00
0.000000000000000000e+00 0.000000000000000000e+00 0.000000000000000000e+00 0.000000000000000000e+00 0.000000000000000000e+00 0.000000000000000000e+00 0.000000000000000000e+00 0.000000000000000000e+00 0.000000000000000000e+00 0.000000000000000000e+00 0.000000000000000000e+00 0.000000000000000000e+00 0.000000000000000000e+00 0.000000000000000000e+00 0.000000000000000000e+00 0.000000000000000000e+00 0.000000000000000000e+00 0.000000000000000000e+00 0.000000000000000000e+00 0.000000000000000000e+00 0.000000000000000000e+00 0.000000000000000000e+00
0.000000000000000000e+00 0.000000000000000000e+00 0.000000000000000000e+00 0.000000000000000000e+00 0.000000000000000000e+00 0.000000000000000000e+00 0.000000000000000000e+00 0.000000000000000000e+00 0.000000000000000000e+00 0.000000000000000000e+00 0.000000000000000000e+00 0.000000000000000000e+00 0.000000000000000000e+00 0.000000000000000000e+00 0.000000000000000000e+00 0.000000000000000000e+00 0.000000000000000000e+00 0.000000000000000000e+00 0.000000000000000000e+00 0.000000000000000000e+00 0.000000000000000000e+00 0.000000000000000000e+00
0.000000000000000000e+00 0.000000000000000000e+00 0.000000000000000000e+00 0.000000000000000000e+00 0.000000000000000000e+00 0.000000000000000000e+00 0.000000000000000000e+00 0.000000000000000000e+00 0.000000000000000000e+00 0.000000000000000000e+00 0.000000000000000000e+00 0.000000000000000000e+00 0.000000000000000000e+00 0.000000000000000000e+00 0.000000000000000000e+00 0.000000000000000000e+00 0.000000000000000000e+00 0.000000000000000000e+00 0.000000000000000000e+00 0.000000000000000000e+00 0.000000000000000000e+00 0.000000000000000000e+00
0.000000000000000000e+00 0.000000000000000000e+00 0.000000000000000000e+00 0.000000000000000000e+00 0.000000000000000000e+00 0.000000000000000000e+00 0.000000000000000000e+00 0.000000000000000000e+00 0.000000000000000000e+00 0.000000000000000000e+00 0.000000000000000000e+00 0.000000000000000000e+00 0.000000000000000000e+00 0.000000000000000000e+00 0.000000000000000000e+00 0.000000000000000000e+00 0.000000000000000000e+00 0.000000000000000000e+00 0.000000000000000000e+00 0.000000000000000000e+00 0.000000000000000000e+00 0.000000000000000000e+00
0.000000000000000000e+00 0.000000000000000000e+00 0.000000000000000000e+00 0.000000000000000000e+00 0.000000000000000000e+00 0.000000000000000000e+00 0.000000000000000000e+00 0.000000000000000000e+00 0.000000000000000000e+00 0.000000000000000000e+00 0.000000000000000000e+00 0.000000000000000000e+00 0.000000000000000000e+00 0.000000000000000000e+00 0.000000000000000000e+00 0.000000000000000000e+00 0.000000000000000000e+00 0.000000000000000000e+00 0.000000000000000000e+00 0.000000000000000000e+00 0.000000000000000000e+00 0.000000000000000000e+00
0.000000000000000000e+00 0.000000000000000000e+00 0.000000000000000000e+00 0.000000000000000000e+00 0.000000000000000000e+00 0.000000000000000000e+00 0.000000000000000000e+00 0.000000000000000000e+00 0.000000000000000000e+00 0.000000000000000000e+00 0.000000000000000000e+00 0.000000000000000000e+00 0.000000000000000000e+00 0.000000000000000000e+00 0.000000000000000000e+00 0.000000000000000000e+00 0.000000000000000000e+00 0.000000000000000000e+00 0.000000000000000000e+00 0.000000000000000000e+00 0.000000000000000000e+00 0.000000000000000000e+00
0.000000000000000000e+00 0.000000000000000000e+00 0.000000000000000000e+00 0.000000000000000000e+00 0.000000000000000000e+00 0.000000000000000000e+00 0.000000000000000000e+00 0.000000000000000000e+00 0.000000000000000000e+00 0.000000000000000000e+00 0.000000000000000000e+00 0.000000000000000000e+00 0.000000000000000000e+00 0.000000000000000000e+00 0.000000000000000000e+00 0.000000000000000000e+00 0.000000000000000000e+00 0.000000000000000000e+00 0.000000000000000000e+00 0.000000000000000000e+00 0.000000000000000000e+00 0.000000000000000000e+00
0.000000000000000000e+00 0.000000000000000000e+00 0.000000000000000000e+00 0.000000000000000000e+00 0.000000000000000000e+00 0.000000000000000000e+00 0.000000000000000000e+00 0.000000000000000000e+00 0.000000000000000000e+00 0.000000000000000000e+00 0.000000000000000000e+00 0.000000000000000000e+00 0.000000000000000000e+00 0.000000000000000000e+00 0.000000000000000000e+00 0.000000000000000000e+00 0.000000000000000000e+00 0.000000000000000000e+00 0.000000000000000000e+00 0.000000000000000000e+00 0.000000000000000000e+00 0.000000000000000000e+00
0.000000000000000000e+00 0.000000000000000000e+00 0.000000000000000000e+00 0.000000000000000000e+00 0.000000000000000000e+00 0.000000000000000000e+00 0.000000000000000000e+00 0.000000000000000000e+00 0.000000000000000000e+00 0.000000000000000000e+00 0.000000000000000000e+00 0.000000000000000000e+00 0.000000000000000000e+00 0.000000000000000000e+00 0.000000000000000000e+00 0.000000000000000000e+00 0.000000000000000000e+00 0.000000000000000000e+00 0.000000000000000000e+00 0.000000000000000000e+00 0.000000000000000000e+00 0.000000000000000000e+00
0.000000000000000000e+00 0.000000000000000000e+00 0.000000000000000000e+00 0.000000000000000000e+00 0.000000000000000000e+00 0.000000000000000000e+00 0.000000000000000000e+00 0.000000000000000000e+00 0.000000000000000000e+00 0.000000000000000000e+00 0.000000000000000000e+00 0.000000000000000000e+00 0.000000000000000000e+00 0.000000000000000000e+00 0.000000000000000000e+00 0.000000000000000000e+00 0.000000000000000000e+00 0.000000000000000000e+00 0.000000000000000000e+00 0.000000000000000000e+00 0.000000000000000000e+00 0.000000000000000000e+00
0.000000000000000000e+00 0.000000000000000000e+00 0.000000000000000000e+00 0.000000000000000000e+00 0.000000000000000000e+00 0.000000000000000000e+00 0.000000000000000000e+00 0.000000000000000000e+00 0.000000000000000000e+00 0.000000000000000000e+00 0.000000000000000000e+00 0.000000000000000000e+00 0.000000000000000000e+00 0.000000000000000000e+00 0.000000000000000000e+00 0.000000000000000000e+00 0.000000000000000000e+00 0.000000000000000000e+00 0.000000000000000000e+00 0.000000000000000000e+00 0.000000000000000000e+00 0.000000000000000000e+00
0.000000000000000000e+00 0.000000000000000000e+00 0.000000000000000000e+00 0.000000000000000000e+00 0.000000000000000000e+00 0.000000000000000000e+00 0.000000000000000000e+00 0.000000000000000000e+00 0.000000000000000000e+00 0.000000000000000000e+00 0.000000000000000000e+00 0.000000000000000000e+00 0.000000000000000000e+00 0.000000000000000000e+00 0.000000000000000000e+00 0.000000000000000000e+00 0.000000000000000000e+00 0.000000000000000000e+00 0.000000000000000000e+00 0.000000000000000000e+00 0.000000000000000000e+00 0.000000000000000000e+00
0.000000000000000000e+00 0.000000000000000000e+00 0.000000000000000000e+00 0.000000000000000000e+00 0.000000000000000000e+00 0.000000000000000000e+00 0.000000000000000000e+00 0.000000000000000000e+00 0.000000000000000000e+00 0.000000000000000000e+00 0.000000000000000000e+00 0.000000000000000000e+00 0.000000000000000000e+00 0.000000000000000000e+00 0.000000000000000000e+00 0.000000000000000000e+00 0.000000000000000000e+00 0.000000000000000000e+00 0.000000000000000000e+00 0.000000000000000000e+00 0.000000000000000000e+00 0.000000000000000000e+00
0.000000000000000000e+00 0.000000000000000000e+00 0.000000000000000000e+00 0.000000000000000000e+00 0.000000000000000000e+00 0.000000000000000000e+00 0.000000000000000000e+00 0.000000000000000000e+00 0.000000000000000000e+00 0.000000000000000000e+00 0.000000000000000000e+00 0.000000000000000000e+00 0.000000000000000000e+00 0.000000000000000000e+00 0.000000000000000000e+00 0.000000000000000000e+00 0.000000000000000000e+00 0.000000000000000000e+00 0.000000000000000000e+00 0.000000000000000000e+00 0.000000000000000000e+00 0.000000000000000000e+00
0.000000000000000000e+00 0.000000000000000000e+00 0.000000000000000000e+00 0.000000000000000000e+00 0.000000000000000000e+00 0.000000000000000000e+00 0.000000000000000000e+00 0.000000000000000000e+00 0.000000000000000000e+00 0.000000000000000000e+00 0.000000000000000000e+00 0.000000000000000000e+00 0.000000000000000000e+00 0.000000000000000000e+00 0.000000000000000000e+00 0.000000000000000000e+00 0.000000000000000000e+00 0.000000000000000000e+00 0.000000000000000000e+00 0.000000000000000000e+00 0.000000000000000000e+00 0.000000000000000000e+00
0.000000000000000000e+00 0.000000000000000000e+00 0.000000000000000000e+00 0.000000000000000000e+00 0.000000000000000000e+00 0.000000000000000000e+00 0.000000000000000000e+00 0.000000000000000000e+00 0.000000000000000000e+00 0.000000000000000000e+00 0.000000000000000000e+00 0.000000000000000000e+00 0.000000000000000000e+00 0.000000000000000000e+00 0.000000000000000000e+00 0.000000000000000000e+00 0.000000000000000000e+00 0.000000000000000000e+00 0.000000000000000000e+00 0.000000000000000000e+00 0.000000000000000000e+00 0.000000000000000000e+00
0.000000000000000000e+00 0.000000000000000000e+00 0.000000000000000000e+00 0.000000000000000000e+00 0.000000000000000000e+00 0.000000000000000000e+00 0.000000000000000000e+00 0.000000000000000000e+00 0.000000000000000000e+00 0.000000000000000000e+00 0.000000000000000000e+00 0.000000000000000000e+00 0.000000000000000000e+00 0.000000000000000000e+00 0.000000000000000000e+00 0.000000000000000000e+00 0.000000000000000000e+00 0.000000000000000000e+00 0.000000000000000000e+00 0.000000000000000000e+00 0.000000000000000000e+00 0.000000000000000000e+00
0.000000000000000000e+00 0.000000000000000000e+00 0.000000000000000000e+00 0.000000000000000000e+00 0.000000000000000000e+00 0.000000000000000000e+00 0.000000000000000000e+00 0.000000000000000000e+00 0.000000000000000000e+00 0.000000000000000000e+00 0.000000000000000000e+00 0.000000000000000000e+00 0.000000000000000000e+00 0.000000000000000000e+00 0.000000000000000000e+00 0.000000000000000000e+00 0.000000000000000000e+00 0.000000000000000000e+00 0.000000000000000000e+00 0.000000000000000000e+00 0.000000000000000000e+00 0.000000000000000000e+00
0.000000000000000000e+00 0.000000000000000000e+00 0.000000000000000000e+00 0.000000000000000000e+00 0.000000000000000000e+00 0.000000000000000000e+00 0.000000000000000000e+00 0.000000000000000000e+00 0.000000000000000000e+00 0.000000000000000000e+00 0.000000000000000000e+00 0.000000000000000000e+00 0.000000000000000000e+00 0.000000000000000000e+00 0.000000000000000000e+00 0.000000000000000000e+00 0.000000000000000000e+00 0.000000000000000000e+00 0.000000000000000000e+00 0.000000000000000000e+00 0.000000000000000000e+00 0.000000000000000000e+00
0.000000000000000000e+00 0.000000000000000000e+00 0.000000000000000000e+00 0.000000000000000000e+00 0.000000000000000000e+00 0.000000000000000000e+00 0.000000000000000000e+00 0.000000000000000000e+00 0.000000000000000000e+00 0.000000000000000000e+00 0.000000000000000000e+00 0.000000000000000000e+00 0.000000000000000000e+00 0.000000000000000000e+00 0.000000000000000000e+00 0.000000000000000000e+00 0.000000000000000000e+00 0.000000000000000000e+00 0.000000000000000000e+00 0.000000000000000000e+00 0.000000000000000000e+00 0.000000000000000000e+00
0.000000000000000000e+00 0.000000000000000000e+00 0.000000000000000000e+00 0.000000000000000000e+00 0.000000000000000000e+00 0.000000000000000000e+00 0.000000000000000000e+00 0.000000000000000000e+00 0.000000000000000000e+00 0.000000000000000000e+00 0.000000000000000000e+00 0.000000000000000000e+00 0.000000000000000000e+00 0.000000000000000000e+00 0.000000000000000000e+00 0.000000000000000000e+00 0.000000000000000000e+00 0.000000000000000000e+00 0.000000000000000000e+00 0.000000000000000000e+00 0.000000000000000000e+00 0.000000000000000000e+00
0.000000000000000000e+00 0.000000000000000000e+00 0.000000000000000000e+00 0.000000000000000000e+00 0.000000000000000000e+00 0.000000000000000000e+00 0.000000000000000000e+00 0.000000000000000000e+00 0.000000000000000000e+00 0.000000000000000000e+00 0.000000000000000000e+00 0.000000000000000000e+00 0.000000000000000000e+00 0.000000000000000000e+00 0.000000000000000000e+00 0.000000000000000000e+00 0.000000000000000000e+00 0.000000000000000000e+00 0.000000000000000000e+00 0.000000000000000000e+00 0.000000000000000000e+00 0.000000000000000000e+00
0.000000000000000000e+00 0.000000000000000000e+00 0.000000000000000000e+00 0.000000000000000000e+00 0.000000000000000000e+00 0.000000000000000000e+00 0.000000000000000000e+00 0.000000000000000000e+00 0.000000000000000000e+00 0.000000000000000000e+00 0.000000000000000000e+00 0.000000000000000000e+00 0.000000000000000000e+00 0.000000000000000000e+00 0.000000000000000000e+00 0.000000000000000000e+00 0.000000000000000000e+00 0.000000000000000000e+00 0.000000000000000000e+00 0.000000000000000000e+00 0.000000000000000000e+00 0.000000000000000000e+00
0.000000000000000000e+00 0.000000000000000000e+00 0.000000000000000000e+00 0.000000000000000000e+00 0.000000000000000000e+00 0.000000000000000000e+00 0.000000000000000000e+00 0.000000000000000000e+00 0.000000000000000000e+00 0.000000000000000000e+00 0.000000000000000000e+00 0.000000000000000000e+00 0.000000000000000000e+00 0.000000000000000000e+00 0.000000000000000000e+00 0.000000000000000000e+00 0.000000000000000000e+00 0.000000000000000000e+00 0.000000000000000000e+00 0.000000000000000000e+00 0.000000000000000000e+00 0.000000000000000000e+00
0.000000000000000000e+00 0.000000000000000000e+00 0.000000000000000000e+00 0.000000000000000000e+00 0.000000000000000000e+00 0.000000000000000000e+00 0.000000000000000000e+00 0.000000000000000000e+00 0.000000000000000000e+00 0.000000000000000000e+00 0.000000000000000000e+00 0.000000000000000000e+00 0.000000000000000000e+00 0.000000000000000000e+00 0.000000000000000000e+00 0.000000000000000000e+00 0.000000000000000000e+00 0.000000000000000000e+00 0.000000000000000000e+00 0.000000000000000000e+00 0.000000000000000000e+00 0.000000000000000000e+00
0.000000000000000000e+00 0.000000000000000000e+00 0.000000000000000000e+00 0.000000000000000000e+00 0.000000000000000000e+00 0.000000000000000000e+00 0.000000000000000000e+00 0.000000000000000000e+00 0.000000000000000000e+00 0.000000000000000000e+00 0.000000000000000000e+00 0.000000000000000000e+00 0.000000000000000000e+00 0.000000000000000000e+00 0.000000000000000000e+00 0.000000000000000000e+00 0.000000000000000000e+00 0.000000000000000000e+00 0.000000000000000000e+00 0.000000000000000000e+00 0.000000000000000000e+00 0.000000000000000000e+00
0.000000000000000000e+00 0.000000000000000000e+00 0.000000000000000000e+00 0.000000000000000000e+00 0.000000000000000000e+00 0.000000000000000000e+00 0.000000000000000000e+00 0.000000000000000000e+00 0.000000000000000000e+00 0.000000000000000000e+00 0.000000000000000000e+00 0.000000000000000000e+00 0.000000000000000000e+00 0.000000000000000000e+00 0.000000000000000000e+00 0.000000000000000000e+00 0.000000000000000000e+00 0.000000000000000000e+00 0.000000000000000000e+00 0.000000000000000000e+00 0.000000000000000000e+00 0.000000000000000000e+00
0.000000000000000000e+00 0.000000000000000000e+00 0.000000000000000000e+00 0.000000000000000000e+00 0.000000000000000000e+00 0.000000000000000000e+00 0.000000000000000000e+00 0.000000000000000000e+00 0.000000000000000000e+00 0.000000000000000000e+00 0.000000000000000000e+00 0.000000000000000000e+00 0.000000000000000000e+00 0.000000000000000000e+00 0.000000000000000000e+00 0.000000000000000000e+00 0.000000000000000000e+00 0.000000000000000000e+00 0.000000000000000000e+00 0.000000000000000000e+00 0.000000000000000000e+00 0.000000000000000000e+00
0.000000000000000000e+00 0.000000000000000000e+00 0.000000000000000000e+00 0.000000000000000000e+00 0.000000000000000000e+00 0.000000000000000000e+00 0.000000000000000000e+00 0.000000000000000000e+00 0.000000000000000000e+00 0.000000000000000000e+00 0.000000000000000000e+00 0.000000000000000000e+00 0.000000000000000000e+00 0.000000000000000000e+00 0.000000000000000000e+00 0.000000000000000000e+00 0.000000000000000000e+00 0.000000000000000000e+00 0.000000000000000000e+00 0.000000000000000000e+00 0.000000000000000000e+00 0.000000000000000000e+00
0.000000000000000000e+00 0.000000000000000000e+00 0.000000000000000000e+00 0.000000000000000000e+00 0.000000000000000000e+00 0.000000000000000000e+00 0.000000000000000000e+00 0.000000000000000000e+00 0.000000000000000000e+00 0.000000000000000000e+00 0.000000000000000000e+00 0.000000000000000000e+00 0.000000000000000000e+00 0.000000000000000000e+00 0.000000000000000000e+00 0.000000000000000000e+00 0.000000000000000000e+00 0.000000000000000000e+00 0.000000000000000000e+00 0.000000000000000000e+00 0.000000000000000000e+00 0.000000000000000000e+00
0.000000000000000000e+00 0.000000000000000000e+00 0.000000000000000000e+00 0.000000000000000000e+00 0.000000000000000000e+00 0.000000000000000000e+00 0.000000000000000000e+00 0.000000000000000000e+00 0.000000000000000000e+00 0.000000000000000000e+00 0.000000000000000000e+00 0.000000000000000000e+00 0.000000000000000000e+00 0.000000000000000000e+00 0.000000000000000000e+00 0.000000000000000000e+00 0.000000000000000000e+00 0.000000000000000000e+00 0.000000000000000000e+00 0.000000000000000000e+00 0.000000000000000000e+00 0.000000000000000000e+00
# (N0,N1,mut) (N0,Mouse_Lemur,mut) (N1,N2,mut) (N1,Tarsier,mut) (N2,N3,mut) (N2,Marmoset,mut) (N3,N6,mut) (N3,N4,mut) (N6,N7,mut) (N6,Gibbon,mut) (N4,N5,mut) (N4,Vervet,mut) (N7,N8,mut) (N7,Orangutan,mut) (N5,Babbon,mut) (N5,Macaque,mut) (N8,Human,mut) (N8,Gorilla,mut) (N0,N1,1->2) (N0,Mouse_Lemur,1->2) (N1,N2,1->2) (N1,Tarsier,1->2) (N2,N3,1->2) (N2,Marmoset,1->2) (N3,N6,1->2) (N3,N4,1->2) (N6,N7,1->2) (N6,Gibbon,1->2) (N4,N5,1->2) (N4,Vervet,1->2) (N7,N8,1->2) (N7,Orangutan,1->2) (N5,Babbon,1->2) (N5,Macaque,1->2) (N8,Human,1->2) (N8,Gorilla,1->2) (N0,N1,2->1) (N0,Mouse_Lemur,2->1) (N1,N2,2->1) (N1,Tarsier,2->1) (N2,N3,2->1) (N2,Marmoset,2->1) (N3,N6,2->1) (N3,N4,2->1) (N6,N7,2->1) (N6,Gibbon,2->1) (N4,N5,2->1) (N4,Vervet,2->1) (N7,N8,2->1) (N7,Orangutan,2->1) (N5,Babbon,2->1) (N5,Macaque,2->1) (N8,Human,2->1) (N8,Gorilla,2->1)
