# 1 2 3 4 5 6 7 8 9 10 11 12 13 14
3.819182906162922553e+00 6.088824084705164452e-01 2.216962487193377740e+00 2.993302219017860200e+00 4.281087316019624112e+00 4.172818053082128387e+00 3.031361384140452309e+00 3.598677846037528827e+00 1.740603939001425848e+00 3.223327760152413735e+00 1.354709734419976552e+00 3.216210211862505108e+00 2.915565184600612536e+00 5.375911816667493071e+00
5.072705681362674424e-05 8.175143631268476691e-06 3.528244691258544235e-05 2.863572713292538674e-05 8.486244136367575210e-05 1.114382805681926337e-04 1.173650789912386247e-04 7.285117199629708514e-05 1.675612399894269895e-05 5.154351187365957922e-05 2.659368744019973649e-05 7.235274392693848502e-05 6.644888119368362578e-05 1.912175470973907559e-04
2.806557406513754090e-06 2.606071830330797716e-06 1.686053420196622875e-06 1.178156188983493914e-05 1.343980648415911754e-05 1.557718679842341471e-06 1.021940140925029767e-05 1.378362663440535217e-05 2.388871873509350605e-06 1.443281409739567017e-05 8.303465010638268247e-07 1.124263564894207373e-05 3.526276139309954732e-06 2.069110622620568534e-06
2.275242064290072808e+00 1.127195030005569754e+00 1.300898889981857431e+00 1.275746637058474242e+00 2.441779758586700488e+00 3.115747419643831173e-01 2.310222464574254175e+00 3.466245977521788202e+00 1.185035549878958427e+00 1.290863060434804588e+00 3.261273182683506189e-01 1.345049511327258029e+00 1.220036463815747485e+00 2.788254430890459434e-01
5.585370305838296319e-07 3.178979920507432322e-07 1.261584607518766157e-07 2.422164765490058170e-07 1.007620516276398906e-06 1.548084891552193891e-07 2.984045118603299761e-06 4.554891295134788013e-06 4.560726578333734129e-07 8.611542038462550159e-06 2.037602112937787571e-07 1.194899053884648455e-06 8.001051376993253012e-07 3.928954327695119401e-07
4.015332309397948940e+00 6.087553827237740522e-01 3.243313710180657949e+00 3.052186377486068025e+00 4.184876047370840624e+00 2.110338755664479482e+00 4.007645651070006920e+00 3.397027082944893639e+00 4.139191501608526558e+00 3.003650085217650201e+00 3.226987423076110861e+00 2.068130550240848020e+00 4.258712296435788858e+00 2.177765796040221247e+00
1.690428505999246956e-03 1.482651378783528392e-03 1.005326064725443169e+00 1.919545132301154989e-03 2.495800895052636883e-03 3.099218886556106244e-03 2.374671511724837491e-03 1.007997075054950509e+00 2.023328203042888077e-03 2.548056979606050723e-03 3.222242374291969975e-03 2.770801885273200486e-03 1.847697345053668071e-03 2.739811379700776012e-03
4.111079413065684991e-10 5.277591849002096900e-10 1.584412816604433575e-08 1.122568100883266970e-10 6.757398324423661014e-10 2.088947042591306023e-10 2.284804341162035430e-09 8.437167623456970098e-07 3.634009051929129483e-10 3.497612044184021680e-09 3.704988075047634488e-10 1.266856334969936965e-09 1.137867299282876893e-09 5.155950852893075388e-10
8.613818905797772088e-14 6.086374686412058297e-14 7.955846255318771872e-12 7.685090474705363450e-14 1.037226729108905407e-13 1.653584037260690970e-13 7.473049022529964719e-14 7.867882104476823406e-11 8.106325066998627446e-14 1.369332215080576468e-13 1.699198724340983874e-13 1.310522546159573800e-13 5.973375328937047577e-14 1.718388782275868385e-10
4.225045401126905536e-04 3.701320505646133277e-04 6.185955551592125417e-04 4.775880231000565715e-04 6.198277488296508346e-04 7.712866401720780418e-04 5.888125897831997897e-04 5.860500490037356004e-04 5.036089665618569263e-04 6.352095157320382076e-04 8.014963836576868492e-04 6.891686280620814946e-04 4.589236409640843500e-04 1.012609657082881975e+00
4.111078751784754201e-10 5.277592765146860110e-10 1.584412816340666853e-08 1.122568083751772546e-10 6.757399969022161387e-10 2.088947091976578701e-10 2.284804385012788007e-09 8.437167758917698807e-07 3.634009350783194607e-10 3.497612000941811404e-09 3.704988446375178611e-10 1.266856241672583505e-09 1.137867375572831168e-09 5.155949820724875111e-10
1.595865836141479865e-01 1.621768270064205264e-01 1.882571483599399242e-01 1.881061879539120962e-01 2.134276567591469054e-01 1.859081324733017626e-01 2.222623876313889746e-01 2.517723834172714836e-01 1.743807640802019221e-01 1.878683386712900194e-01 1.919510659040682687e-01 1.830118498632553881e-01 2.106147017019559808e-01 1.850402190479210063e-01
1.508957232797887560e-15 8.642595840302874486e-16 1.718589892304137794e-14 1.905665248764041102e-14 1.507817920164026364e-15 2.753439053729490407e-15 7.579610698902510074e-16 1.628651924801233136e-12 1.041460356799257127e-15 2.430387895550545651e-15 2.796658170378888615e-15 1.964552556283659587e-15 6.535816745507868616e-16 1.906916907971312517e-12
4.235908790548289300e-04 3.710842927974966295e-04 6.201910427345296451e-04 1.004784548414170198e+00 6.214265614029104972e-04 7.732740945032274106e-04 5.903325820069139614e-04 5.875614488487079920e-04 5.049065475518555888e-04 6.368448999072126755e-04 8.035622108245145997e-04 6.909449653750936431e-04 4.601073356552051459e-04 6.832945021713139524e-04
1.595865836059937870e-01 1.621768269917151783e-01 1.882571482032554533e-01 1.881061879521657154e-01 2.134276567632365507e-01 1.859081324687713865e-01 2.222623876986934421e-01 2.517724147025666714e-01 1.743807640812493898e-01 1.878683386606051775e-01 1.919510658939662662e-01 1.830118498528733317e-01 2.106147016759177815e-01 1.850402190348942322e-01
4.111081421173758072e-10 5.277592571068915092e-10 1.584412793872446918e-08 1.122566956397938377e-10 6.757398282952185522e-10 2.088947141363038901e-10 2.284804428863652253e-09 8.437167894378417986e-07 3.634010759861069144e-10 3.497611957699709075e-09 3.704991038150195253e-10 1.266856370419970421e-09 1.137867451862860303e-09 5.155949898780971249e-10
1.675507879042069078e-03 1.002178894757088212e+00 1.009976839425118955e+00 1.902526712630116463e-03 2.473632263659620526e-03 3.071749487737702143e-03 2.353540513081124781e-03 2.338229445817047170e-03 2.005396012996007483e-03 2.525500578745958243e-03 3.193667941824328022e-03 2.746226193889844333e-03 1.831285116843594683e-03 2.715515313765446293e-03
6.031510651554649894e-17 3.318830318666232275e-14 3.357136628626039633e-14 7.305435358775111107e-17 5.551608851195949822e-17 1.074273804554038842e-16 1.951070122341530303e-17 7.139585794525950768e-14 3.153412021345434277e-17 9.945648224355384063e-17 1.084510481088540395e-16 7.065798591976744581e-17 1.793332088908813860e-17 4.562536285156348819e-14
0.000000000000000000e+00 0.000000000000000000e+00 0.000000000000000000e+00 0.000000000000000000e+00 0.000000000000000000e+00 0.000000000000000000e+00 0.000000000000000000e+00 0.000000000000000000e+00 0.000000000000000000e+00 0.000000000000000000e+00 0.000000000000000000e+00 0.000000000000000000e+00 0.000000000000000000e+00 0.000000000000000000e+00
0.000000000000000000e+00 0.000000000000000000e+00 0.000000000000000000e+00 0.000000000000000000e+00 0.000000000000000000e+00 0.000000000000000000e+00 0.000000000000000000e+00 0.000000000000000000e+00 0.000000000000000000e+00 0.000000000000000000e+00 0.000000000000000000e+00 0.000000000000000000e+00 0.000000000000000000e+00 0.000000000000000000e+00
0.000000000000000000e+00 0.000000000000000000e+00 0.000000000000000000e+00 0.000000000000000000e+00 0.000000000000000000e+00 0.000000000000000000e+00 0.000000000000000000e+00 0.000000000000000000e+00 0.000000000000000000e+00 0.000000000000000000e+00 0.000000000000000000e+00 0.000000000000000000e+00 0.000000000000000000e+00 0.000000000000000000e+00
0.000000000000000000e+00 0.000000000000000000e+00 0.000000000000000000e+00 0.000000000000000000e+00 0.000000000000000000e+00 0.000000000000000000e+00 0.000000000000000000e+00 0.000000000000000000e+00 0.000000000000000000e+00 0.000000000000000000e+00 0.000000000000000000e+00 0.000000000000000000e+00 0.000000000000000000e+00 0.000000000000000000e+00
0.000000000000000000e+00 0.000000000000000000e+00 0.000000000000000000e+00 0.000000000000000000e+00 0.000000000000000000e+00 0.000000000000000000e+00 0.000000000000000000e+00 0.000000000000000000e+00 0.000000000000000000e+00 0.000000000000000000e+00 0.000000000000000000e+00 0.000000000000000000e+00 0.000000000000000000e+00 0.000000000000000000e+00
0.000000000000000000e+00 0.000000000000000000e+00 0.000000000000000000e+00 0.000000000000000000e+00 0.000000000000000000e+00 0.000000000000000000e+00 0.000000000000000000e+00 0.000000000000000000e+00 0.000000000000000000e+00 0.000000000000000000e+00 0.000000000000000000e+00 0.000000000000000000e+00 0.000000000000000000e+00 0.000000000000000000e+00
0.000000000000000000e+00 0.000000000000000000e+00 0.000000000000000000e+00 0.000000000000000000e+00 0.000000000000000000e+00 0.000000000000000000e+00 0.000000000000000000e+00 0.000000000000000000e+00 0.000000000000000000e+00 0.000000000000000000e+00 0.000000000000000000e+00 0.000000000000000000e+00 0.000000000000000000e+00 0.000000000000000000e+00
0.000000000000000000e+00 0.000000000000000000e+00 0.000000000000000000e+00 0.000000000000000000e+00 0.000000000000000000e+00 0.000000000000000000e+00 0.000000000000000000e+00 0.000000000000000000e+00 0.000000000000000000e+00 0.000000000000000000e+00 0.000000000000000000e+00 0.000000000000000000e+00 0.000000000000000000e+00 0.000000000000000000e+00
0.000000000000000000e+00 0.000000000000000000e+00 0.000000000000000000e+00 0.000000000000000000e+00 0.000000000000000000e+00 0.000000000000000000e+00 0.000000000000000000e+00 0.000000000000000000e+00 0.000000000000000000e+00 0.000000000000000000e+00 0.000000000000000000e+00 0.000000000000000000e+00 0.000000000000000000e+00 0.000000000000000000e+00
0.000000000000000000e+00 0.000000000000000000e+00 0.000000000000000000e+00 0.000000000000000000e+00 0.000000000000000000e+00 0.000000000000000000e+00 0.000000000000000000e+00 0.000000000000000000e+00 0.000000000000000000e+00 0.000000000000000000e+00 0.000000000000000000e+00 0.000000000000000000e+00 0.000000000000000000e+00 0.000000000000000000e+00
0.000000000000000000e+00 0.000000000000000000e+00 0.000000000000000000e+00 0.000000000000000000e+00 0.000000000000000000e+00 0.000000000000000000e+00 0.000000000000000000e+00 0.000000000000000000e+00 0.000000000000000000e+00 0.000000000000000000e+00 0.000000000000000000e+00 0.000000000000000000e+00 0.000000000000000000e+00 0.000000000000000000e+00
0.000000000000000000e+00 0.000000000000000000e+00 0.000000000000000000e+00 0.000000000000000000e+00 0.000000000000000000e+00 0.000000000000000000e+00 0.000000000000000000e+00 0.000000000000000000e+00 0.000000000000000000e+00 0.000000000000000000e+00 0.000000000000000000e+00 0.000000000000000000e+00 0.000000000000000000e+00 0.000000000000000000e+00
0.000000000000000000e+00 0.000000000000000000e+00 0.000000000000000000e+00 0.000000000000000000e+00 0.000000000000000000e+00 0.000000000000000000e+00 0.000000000000000000e+00 0.000000000000000000e+00 0.000000000000000000e+00 0.000000000000000000e+00 0.000000000000000000e+00 0.000000000000000000e+00 0.000000000000000000e+00 0.000000000000000000e+00
0.000000000000000000e+00 0.000000000000000000e+00 0.000000000000000000e+00 0.000000000000000000e+00 0.000000000000000000e+00 0.000000000000000000e+00 0.000000000000000000e+00 0.000000000000000000e+00 0.000000000000000000e+00 0.000000000000000000e+00 0.000000000000000000e+00 0.000000000000000000e+00 0.000000000000000000e+00 0.000000000000000000e+00
0.000000000000000000e+00 0.000000000000000000e+00 0.000000000000000000e+00 0.000000000000000000e+00 0.000000000000000000e+00 0.000000000000000000e+00 0.000000000000000000e+00 0.000000000000000000e+00 0.000000000000000000e+00 0.000000000000000000e+00 0.000000000000000000e+00 0.000000000000000000e+00 0.000000000000000000e+00 0.000000000000000000e+00
0.000000000000000000e+00 0.000000000000000000e+00 0.000000000000000000e+00 0.000000000000000000e+00 0.000000000000000000e+00 0.000000000000000000e+00 0.000000000000000000e+00 0.000000000000000000e+00 0.000000000000000000e+00 0.000000000000000000e+00 0.000000000000000000e+00 0.000000000000000000e+00 0.000000000000000000e+00 0.000000000000000000e+00
0.000000000000000000e+00 0.000000000000000000e+00 0.000000000000000000e+00 0.000000000000000000e+00 0.000000000000000000e+00 0.000000000000000000e+00 0.000000000000000000e+00 0.000000000000000000e+00 0.000000000000000000e+00 0.000000000000000000e+00 0.000000000000000000e+00 0.000000000000000000e+00 0.000000000000000000e+00 0.000000000000000000e+00
0.000000000000000000e+00 0.000000000000000000e+00 0.000000000000000000e+00 0.000000000000000000e+00 0.000000000000000000e+00 0.000000000000000000e+00 0.000000000000000000e+00 0.000000000000000000e+00 0.000000000000000000e+00 0.000000000000000000e+00 0.000000000000000000e+00 0.000000000000000000e+00 0.000000000000000000e+00 0.000000000000000000e+00
0.000000000000000000e+00 0.000000000000000000e+00 0.000000000000000000e+00 0.000000000000000000e+00 0.000000000000000000e+00 0.000000000000000000e+00 0.000000000000000000e+00 0.000000000000000000e+00 0.000000000000000000e+00 0.000000000000000000e+00 0.000000000000000000e+00 0.000000000000000000e+00 0.000000000000000000e+00 0.000000000000000000e+00
0.000000000000000000e+00 0.000000000000000000e+00 0.000000000000000000e+00 0.000000000000000000e+00 0.000000000000000000e+00 0.000000000000000000e+00 0.000000000000000000e+00 0.000000000000000000e+00 0.000000000000000000e+00 0.000000000000000000e+00 0.000000000000000000e+00 0.000000000000000000e+00 0.000000000000000000e+00 0.000000000000000000e+00
0.000000000000000000e+00 0.000000000000000000e+00 0.000000000000000000e+00 0.000000000000000000e+00 0.000000000000000000e+00 0.000000000000000000e+00 0.000000000000000000e+00 0.000000000000000000e+00 0.000000000000000000e+00 0.000000000000000000e+00 0.000000000000000000e+00 0.000000000000000000e+00 0.000000000000000000e+00 0.000000000000000000e+00
0.000000000000000000e+00 0.000000000000000000e+00 0.000000000000000000e+00 0.000000000000000000e+00 0.000000000000000000e+00 0.000000000000000000e+00 0.000000000000000000e+00 0.000000000000000000e+00 0.000000000000000000e+00 0.000000000000000000e+00 0.000000000000000000e+00 0.000000000000000000e+00 0.000000000000000000e+00 0.000000000000000000e+00
0.000000000000000000e+00 0.000000000000000000e+00 0.000000000000000000e+00 0.000000000000000000e+00 0.000000000000000000e+00 0.000000000000000000e+00 0.000000000000000000e+00 0.000000000000000000e+00 0.000000000000000000e+00 0.000000000000000000e+00 0.000000000000000000e+00 0.000000000000000000e+00 0.000000000000000000e+00 0.000000000000000000e+00
0.000000000000000000e+00 0.000000000000000000e+00 0.000000000000000000e+00 0.000000000000000000e+00 0.000000000000000000e+00 0.000000000000000000e+00 0.000000000000000000e+00 0.000000000000000000e+00 0.000000000000000000e+00 0.000000000000000000e+00 0.000000000000000000e+00 0.000000000000000000e+00 0.000000000000000000e+00 0.000000000000000000e+00
0.000000000000000000e+00 0.000000000000000000e+00 0.000000000000000000e+00 0.000000000000000000e+00 0.000000000000000000e+00 0.000000000000000000e+00 0.000000000000000000e+00 0.000000000000000000e+00 0.000000000000000000e+00 0.000000000000000000e+00 0.000000000000000000e+00 0.000000000000000000e+00 0.000000000000000000e+00 0.000000000000000000e+00
0.000000000000000000e+00 0.000000000000000000e+00 0.000000000000000000e+00 0.000000000000000000e+00 0.000000000000000000e+00 0.000000000000000000e+00 0.000000000000000000e+00 0.000000000000000000e+00 0.000000000000000000e+00 0.000000000000000000e+00 0.000000000000000000e+00 0.000000000000000000e+00 0.000000000000000000e+00 0.000000000000000000e+00
0.000000000000000000e+00 0.000000000000000000e+00 0.000000000000000000e+00 0.000000000000000000e+00 0.000000000000000000e+00 0.000000000000000000e+00 0.000000000000000000e+00 0.000000000000000000e+00 0.000000000000000000e+00 0.000000000000000000e+00 0.000000000000000000e+00 0.000000000000000000e+00 0.000000000000000000e+00 0.000000000000000000e+00
0.000000000000000000e+00 0.000000000000000000e+00 0.000000000000000000e+00 0.000000000000000000e+00 0.000000000000000000e+00 0.000000000000000000e+00 0.000000000000000000e+00 0.000000000000000000e+00 0.000000000000000000e+00 0.000000000000000000e+00 0.000000000000000000e+00 0.000000000000000000e+00 0.000000000000000000e+00 0.000000000000000000e+00
0.000000000000000000e+00 0.000000000000000000e+00 0.000000000000000000e+00 0.000000000000000000e+00 0.000000000000000000e+00 0.000000000000000000e+00 0.000000000000000000e+00 0.000000000000000000e+00 0.000000000000000000e+00 0.000000000000000000e+00 0.000000000000000000e+00 0.000000000000000000e+00 0.000000000000000000e+00 0.000000000000000000e+00
0.000000000000000000e+00 0.000000000000000000e+00 0.000000000000000000e+00 0.000000000000000000e+00 0.000000000000000000e+00 0.000000000000000000e+00 0.000000000000000000e+00 0.000000000000000000e+00 0.000000000000000000e+00 0.000000000000000000e+00 0.000000000000000000e+00 0.000000000000000000e+00 0.000000000000000000e+00 0.000000000000000000e+00
0.000000000000000000e+00 0.000000000000000000e+00 0.000000000000000000e+00 0.000000000000000000e+00 0.000000000000000000e+00 0.000000000000000000e+00 0.000000000000000000e+00 0.000000000000000000e+00 0.000000000000000000e+00 0.000000000000000000e+00 0.000000000000000000e+00 0.000000000000000000e+00 0.000000000000000000e+00 0.000000000000000000e+00
0.000000000000000000e+00 0.000000000000000000e+00 0.000000000000000000e+00 0.000000000000000000e+00 0.000000000000000000e+00 0.000000000000000000e+00 0.000000000000000000e+00 0.000000000000000000e+00 0.000000000000000000e+00 0.000000000000000000e+00 0.000000000000000000e+00 0.000000000000000000e+00 0.000000000000000000e+00 0.000000000000000000e+00
0.000000000000000000e+00 0.000000000000000000e+00 0.000000000000000000e+00 0.000000000000000000e+00 0.000000000000000000e+00 0.000000000000000000e+00 0.000000000000000000e+00 0.000000000000000000e+00 0.000000000000000000e+00 0.000000000000000000e+00 0.000000000000000000e+00 0.000000000000000000e+00 0.000000000000000000e+00 0.000000000000000000e+00
0.000000000000000000e+00 0.000000000000000000e+00 0.000000000000000000e+00 0.000000000000000000e+00 0.000000000000000000e+00 0.000000000000000000e+00 0.000000000000000000e+00 0.000000000000000000e+00 0.000000000000000000e+00 0.000000000000000000e+00 0.000000000000000000e+00 0.000000000000000000e+00 0.000000000000000000e+00 0.000000000000000000e+00
0.000000000000000000e+00 0.000000000000000000e+00 0.000000000000000000e+00 0.000000000000000000e+00 0.000000000000000000e+00 0.000000000000000000e+00 0.000000000000000000e+00 0.000000000000000000e+00 0.000000000000000000e+00 0.000000000000000000e+00 0.000000000000000000e+00 0.000000000000000000e+00 0.000000000000000000e+00 0.000000000000000000e+00
0.000000000000000000e+00 0.000000000000000000e+00 0.000000000000000000e+00 0.000000000000000000e+00 0.000000000000000000e+00 0.000000000000000000e+00 0.000000000000000000e+00 0.000000000000000000e+00 0.000000000000000000e+00 0.000000000000000000e+00 0.000000000000000000e+00 0.000000000000000000e+00 0.000000000000000000e+00 0.000000000000000000e+00
# (N0,N1,mut) (N0,Mouse_Lemur,mut) (N1,N2,mut) (N1,Tarsier,mut) (N2,N3,mut) (N2,Marmoset,mut) (N3,N6,mut) (N3,N4,mut) (N6,N7,mut) (N6,Gibbon,mut) (N4,N5,mut) (N4,Vervet,mut) (N7,N8,mut) (N7,Orangutan,mut) (N5,Babbon,mut) (N5,Macaque,mut) (N8,Human,mut) (N8,Gorilla,mut) (N0,N1,1->2) (N0,Mouse_Lemur,1->2) (N1,N2,1->2) (N1,Tarsier,1->2) (N2,N3,1->2) (N2,Marmoset,1->2) (N3,N6,1->2) (N3,N4,1->2) (N6,N7,1->2) (N6,Gibbon,1->2) (N4,N5,1->2) (N4,Vervet,1->2) (N7,N8,1->2) (N7,Orangutan,1->2) (N5,Babbon,1->2) (N5,Macaque,1->2) (N8,Human,1->2) (N8,Gorilla,1->2) (N0,N1,2->1) (N0,Mouse_Lemur,2->1) (N1,N2,2->1) (N1,Tarsier,2->1) (N2,N3,2->1) (N2,Marmoset,2->1) (N3,N6,2->1) (N3,N4,2->1) (N6,N7,2->1) (N6,Gibbon,2->1) (N4,N5,2->1) (N4,Vervet,2->1) (N7,N8,2->1) (N7,Orangutan,2->1) (N5,Babbon,2->1) (N5,Macaque,2->1) (N8,Human,2->1) (N8,Gorilla,2->1)
