# 1 2 3 4 5 6 7 8 9 10 11 12 13 14 15 16
1.438517067149071682e+00 4.363165918911152907e+00 4.606555578901505577e+00 2.528076676101826514e+00 2.263309124897043834e+00 2.262685720634555864e+00 3.882081279368224003e+00 5.801883713562624223e+00 3.036943935444832654e+00 4.440274000199386784e+00 4.480397320031239694e+00 4.467030481044540480e+00 5.917779779071698165e+00 4.656269698675172819e+00 4.655458107233306997e+00 6.775184457926677339e+00
1.401100058891909448e-05 7.956619899066273694e-05 5.811450747207624890e-05 2.354394272947140634e-05 3.835564447106963804e-05 3.834032567581047965e-05 1.473074454848110725e-04 1.491231360110851275e-04 1.302183366313044348e-04 7.315621459694264875e-05 6.214244087226115877e-05 5.979690021954068408e-05 1.534835259605255877e-04 7.261700067231310256e-05 2.182352503128509591e-04 2.589840456078320446e-04
1.937291009966820785e-02 1.798386704334587957e-02 1.721188612399390805e-02 1.930744183261997801e-02 1.956171488694590302e-02 6.253551883252986832e-01 2.229368970953583828e-02 1.027223408956097872e+00 2.296401016470254325e-02 1.860607330312983448e-02 1.556250078422509106e-02 1.066737051183221485e+00 1.151180692223528146e+00 1.728872256505075561e-02 1.050079929441069204e+00 1.842024564573783607e+00
1.525622448931838268e-06 8.543651946070682360e-06 8.441218043304421186e-06 4.827261104207312025e-06 7.707439728126675690e-06 7.875648224378219847e-04 7.901153693087468324e-06 1.246601331156598847e-03 3.931688455313697941e-06 8.394157022597460813e-06 7.654554121718094484e-06 3.902187334635035388e-04 2.047621083501991628e-04 7.473644229214473970e-06 1.789482684743756876e-04 6.607716065057863417e-04
1.896190877823777280e-07 1.057115776172910301e-10 1.021058072579993001e-10 1.352533360783729443e-10 3.287385143173459415e-09 8.144032608927812103e-09 1.405600284957142908e-10 4.849958053521419815e-09 1.446376063682544548e-10 1.097244215863360781e-10 7.585151793650297869e-11 2.009914566673836890e-09 5.987331107448564321e-09 1.376225640093038358e-10 1.117004640541764980e-06 8.986603329659342326e-09
1.001907496375110895e+00 2.450923730272187373e-04 2.340371491351909679e-04 2.596908022515038647e-04 2.995997050406761257e-04 3.188474968588350320e-04 2.972389786082920739e-04 2.468800850588238026e-04 3.093089722206218261e-04 2.517247866306397946e-04 2.105351997943555689e-04 2.396999816510990682e-04 2.085276656072737155e-04 2.352080927581021315e-04 8.149149674817616346e-03 2.162784266267810541e-04
1.480317268395261677e-07 2.554672236204812623e-07 2.909278199183322117e-07 2.591536850408951357e-07 4.395526818936203677e-07 2.128598804367677925e-05 3.824795743832090452e-07 1.110361477876691319e-04 5.066139462950821669e-07 4.507533288599154565e-07 5.725121599049582278e-07 3.348151972953599255e-06 3.832288498925514068e-05 2.074849184665348435e-07 3.779300994590981636e-06 8.571524673249950488e-05
2.620861483952882764e+00 9.814589940038693783e-01 2.779312110359949184e+00 3.567791352034301866e+00 3.758073080031515190e+00 1.076097353476588303e+00 2.620654421481520835e+00 2.291982703223662821e+00 1.467326337294060590e+00 2.352557364956977981e+00 3.707813050983117975e+00 1.602263850765870190e+00 2.238887768969082703e+00 1.466309354842607604e+00 1.609439667509995564e+00 2.279524285943793416e+00
6.605267237338997596e-09 1.121001304474954412e-11 1.087883011616246340e-11 1.071721297357374998e-10 2.522838285450728376e-08 6.179607964245829923e-10 1.402019844714438541e-11 1.285420566582087071e-10 2.721046179404957023e-11 1.160164281710928326e-11 7.584627775704605706e-12 2.670603972558055594e-09 4.899722908726591067e-09 1.912792686242350303e-10 1.699213024454685636e-07 2.213813430453247885e-10
2.476933183138945588e-02 2.291174656140652216e-02 2.193368242654699513e-02 1.036760818925871019e+00 2.503136886188885718e-02 2.973675622753300593e-02 2.849596487553851185e-02 2.356597764430362618e-02 2.930594924241237617e-02 2.372877441994807393e-02 1.984750080591871427e-02 1.031929528174283739e+00 2.092275645780361515e+00 2.899398969372456669e+00 2.059399646251337757e+00 2.088092907696801476e-02
2.590425892360120517e-04 2.411224485130675601e-04 2.302456501005413676e-04 2.554815984466761144e-04 2.954425486130835454e-04 3.136937476346630884e-04 2.924174011233477018e-04 2.428727946415963276e-04 3.042944709895966998e-04 2.476454010204348546e-04 2.071234013534709408e-04 2.358384490643390327e-04 2.051622179470745030e-04 2.314077055562815466e-04 9.947633742336632334e-01 2.127621288965415186e-04
2.687369368208197547e-04 2.503553100936609923e-04 2.390635691977897295e-04 2.652709061297173882e-04 5.627145155492482287e-01 3.256599390500584230e-04 3.036311906729120369e-04 2.521814116609855496e-04 3.159569364325249966e-04 2.571329108970811560e-04 2.150583134250709310e-04 2.448133043486337267e-04 2.129662228847370410e-04 2.402567760552174554e-04 8.156376821950247352e-03 2.209189742027423630e-04
1.025093961346678663e-02 9.595937176050724909e-03 9.178191418747148542e-03 1.026239054424883494e-02 1.034204699612253399e-02 1.245410618234896009e-02 1.181793634779084584e-02 9.789013423899017505e-03 1.221699548092266586e-02 9.906585315775061351e-03 8.284862030636861580e-03 1.015698228073784071e+00 1.037390751135970790e+00 2.851498166667379319e+00 1.026997116838020307e+00 8.631300328998593729e-03
4.358145861471515048e-11 4.787824802407727311e-11 4.621504548590059265e-11 5.321843955127525776e-11 7.774388557219934023e-11 7.943495193145556833e-11 6.322075712435929617e-11 4.197144182600102362e-11 6.679141281629028581e-11 4.956454038281450063e-11 3.432023950250154613e-11 3.872142869764091806e-09 1.701223596529452230e-09 8.233958678727853998e-09 3.049611344406344105e-07 2.904258995432078895e-11
2.195588744709993101e-01 5.813368952577775695e-02 4.208968486746544890e-02 9.792762225267952203e-02 1.237767984508385821e-01 1.238376278540327807e-01 2.011880118701107056e-01 6.363780682707265157e-02 3.896705363072917039e-01 4.673548184919950471e-02 4.420392047848544642e-02 4.218116124114989346e-02 6.012593612139823657e-02 4.324900722616178972e-02 2.759110528535108076e-01 9.510852904488192872e-02
0.000000000000000000e+00 0.000000000000000000e+00 0.000000000000000000e+00 0.000000000000000000e+00 0.000000000000000000e+00 0.000000000000000000e+00 0.000000000000000000e+00 0.000000000000000000e+00 0.000000000000000000e+00 0.000000000000000000e+00 0.000000000000000000e+00 0.000000000000000000e+00 0.000000000000000000e+00 0.000000000000000000e+00 0.000000000000000000e+00 0.000000000000000000e+00
3.435067816455375945e-03 5.466052189793813820e-07 1.266923987967065856e-07 3.530978405804988400e-04 1.349565287376762630e-03 4.170945429001100546e-01 5.511522897063515303e-04 1.544441492351888764e-07 3.576570862602718691e-03 2.663708095797877977e-07 2.205699298257569649e-07 4.805657208556706254e-07 9.070139638373656303e-04 7.757104273707554427e-08 1.156061940330671079e-03 2.538437684182305370e-04
1.222810315051267099e-06 9.606458737381624327e-21 2.150133637881121725e-21 5.811468586825887693e-11 2.221349755241276364e-10 9.035266062195508976e-10 1.001164969307165923e-10 6.976394717189924254e-21 2.664493417681724527e-06 4.229917287859685636e-21 2.936351981634343491e-21 5.503790378198691167e-20 2.231683860327696967e-18 1.487914880232567433e-21 2.300158732178102649e-10 8.863560514205766728e-18
3.599894863566068578e-11 9.308210473990125808e-32 1.057802171363872666e-33 1.442262500959845191e-13 1.572262322283738430e-13 5.674748046899708320e-09 2.439536066317909165e-14 4.611250242606208479e-33 6.238390623683496813e-11 7.432567585567523861e-33 3.305732087382070175e-33 8.364771595624546446e-32 3.025162652259289222e-14 1.146357032456296959e-30 9.807107311351514190e-11 6.072328923318185629e-15
1.646271721683798550e-05 9.555590965227453980e-11 2.108823247374245920e-11 4.296084758006744309e-06 1.745175915565020080e-05 4.824632978180747858e-05 6.919902143075991835e-06 2.296751160046248833e-11 4.782017653350517330e-05 4.569880094612625065e-11 3.728679278215445524e-11 4.066249394356128286e-11 7.534050910203658498e-06 1.306467445951013756e-11 2.483825563470572038e-05 4.290096605924578901e-06
1.655835794291181577e-08 1.016989507216311034e-26 2.713559533207098818e-27 4.037013736848279842e-13 1.609986941044393334e-12 3.769233332670260417e-12 6.509962107397481328e-13 1.102513040534399223e-25 5.250083064170660234e-08 1.104486473223746930e-26 4.268151014564118258e-27 3.574040291418556367e-26 1.483159112061465231e-22 2.717020233774963567e-28 1.240413469275719269e-12 5.488853321218768345e-22
1.811662486544066489e-02 2.749526973446239642e-02 5.619603896208973277e-03 1.795967160046404998e-02 1.487033586564783828e-02 7.327414656434562412e-02 8.424855438629905158e-03 2.138151806849513531e-02 3.521681367981178978e-02 7.004374569970328590e-03 5.755853332691679989e-04 4.063550502506401373e-04 1.400491891969596683e-02 8.780568250796328951e-05 2.060649585071019224e-02 1.869032890135627692e-02
1.408693327587650803e-12 2.014682272084778849e-26 1.936891660581187241e-26 1.338109211318521725e-13 1.389700065695660897e-12 4.084512250133187954e-10 3.450994158511951029e-13 9.323854613097823646e-32 3.118333835858621932e-12 1.782580924765454320e-31 7.146658779748069864e-32 1.327606914733213862e-30 4.075651038532315042e-13 2.808427698009285074e-29 9.266052370224836251e-11 1.323686914070754613e-13
4.392707146293565838e-03 8.959106285414279946e-07 2.090890692044649780e-07 1.113382148577975184e-02 1.733620214932401907e-03 4.471348951476588479e-03 7.112059619649878286e-04 2.339140792811314343e-07 4.564285101922874177e-03 4.377788097069442997e-07 3.632583364230885472e-07 4.490083676131753834e-07 4.728416867894598787e-04 1.623089134201260541e-04 2.023147653430857826e-02 4.534500304647687188e-04
4.470097900799624208e-05 9.247923192599765276e-11 2.040793948505130515e-11 4.225979193760458641e-06 1.716812628443370464e-05 4.747223354018603237e-05 6.807230745180286574e-06 2.222642608357141635e-11 4.704441731462519042e-05 4.422680759694353944e-11 3.608522323921637134e-11 3.935109841182455907e-11 7.411343217639989349e-06 1.264294169846379112e-11 1.602679413546741856e-03 4.220133772982422431e-06
4.641659079017362253e-05 9.971251109479012188e-11 2.200680391290286415e-11 4.389047547770715735e-06 4.097633713859017953e-05 4.925843651912319762e-05 7.069300892987998367e-06 2.396900209268458728e-11 4.884853907032516622e-05 4.768861560772612652e-11 3.891056150349620388e-11 4.243423167789497380e-11 7.696758813050828048e-06 1.363336566680351984e-11 2.524130537677870203e-05 4.382868625250132223e-06
1.818242924862720558e-03 1.528495862864195615e-07 3.491496588369126670e-08 1.820836799503882959e-04 7.087962338765913060e-04 1.868097352842411525e-03 2.867861504456337357e-04 3.864640406681428033e-08 1.898853031029390254e-03 7.406878423705725510e-08 6.106308567425667501e-08 7.485031258404644111e-08 2.874743144125841495e-04 6.601619441856228991e-05 4.665905686162018294e-04 1.808317906195234669e-04
2.184374120988599443e-11 0.000000000000000000e+00 0.000000000000000000e+00 2.221799293874655368e-16 6.662883358685473244e-16 3.182566852392179066e-11 2.222386983168718039e-16 0.000000000000000000e+00 2.849663022554423723e-11 0.000000000000000000e+00 0.000000000000000000e+00 0.000000000000000000e+00 3.332374757839895199e-16 0.000000000000000000e+00 2.885526299611713243e-15 2.221433953024868176e-16
2.195588744709990880e-01 5.813368952577775695e-02 4.208968486746544890e-02 9.792762225267952203e-02 1.237767984508385821e-01 1.238376278540327807e-01 2.011880118701104836e-01 6.363780682707265157e-02 3.896705363072912598e-01 4.673548184919950471e-02 4.420392047848544642e-02 4.218116124115011550e-02 6.012593612139823657e-02 4.324900722616178972e-02 2.759110528535108076e-01 9.510852904488192872e-02
0.000000000000000000e+00 0.000000000000000000e+00 0.000000000000000000e+00 0.000000000000000000e+00 0.000000000000000000e+00 0.000000000000000000e+00 0.000000000000000000e+00 0.000000000000000000e+00 0.000000000000000000e+00 0.000000000000000000e+00 0.000000000000000000e+00 0.000000000000000000e+00 0.000000000000000000e+00 0.000000000000000000e+00 0.000000000000000000e+00 0.000000000000000000e+00
3.435286311632107775e-03 5.890149929032255974e-07 7.763068448855979679e-08 1.936717163609332697e-04 1.551165256334436499e-03 3.076153204196181538e-03 6.273641502377020999e-04 3.884853848491878112e-06 3.576938469352135275e-03 3.139195882993373496e-07 1.352344919131826068e-07 4.625775144688607585e-06 9.867496401307741527e-01 1.439571330427527995e-07 1.514302405069549960e-02 2.263233000121771810e-01
1.223752932903754487e-06 1.187531648827139515e-20 3.167193435092120220e-21 6.838525909022062091e-11 2.829061132995038830e-10 9.035265312841870770e-10 1.143599670331621427e-10 7.077052219697022751e-19 2.664493417681727069e-06 8.424481200947090333e-21 2.775273186690957426e-21 2.808360127662578246e-19 3.371209144849346094e-17 1.665777647245355515e-21 1.194930110683335767e-09 1.211058204946279328e-17
2.610115566954098797e-07 1.094974610508815534e-31 2.240262831244752476e-34 1.223887332020525945e-15 2.456146622534080504e-09 6.377674163082734570e-11 3.569694578403159627e-14 1.178856862386783973e-31 6.238680813939404342e-11 9.703277124241236333e-33 9.857476679335547813e-34 3.151600216222586339e-31 1.883122879200049850e-13 2.396767635152426241e-24 7.556751078373339171e-13 9.399267777553335864e-15
1.646271723979772833e-05 1.007007119362278217e-10 1.306554113577305684e-11 2.438267272778553602e-06 1.993482646710683764e-05 4.737805147110842811e-05 7.906351992030485285e-06 2.294923252158223288e-11 4.782017668591194702e-05 5.243105919511564478e-11 2.239869618816258509e-11 9.813529189379593483e-12 3.955877589525257432e-06 2.408752297559252308e-11 1.203239916230842705e-05 4.663151934874948623e-06
2.325285214676150338e-07 1.274409322341530738e-26 2.127262420654883863e-27 2.517784510862065642e-13 2.058964109312459403e-12 3.769155490892807588e-12 8.581227308806302768e-13 2.519933835873831705e-24 4.081291987081641106e-07 1.371740835479132143e-26 1.222863267612598299e-26 9.871750399615748948e-26 1.773630341026472582e-21 1.219369344228546457e-27 2.722553879595240901e-12 7.490678980521827009e-22
1.811662487309675246e-02 9.911534563501535056e-01 3.293901571535470252e-01 4.115411632478294113e-01 5.722311175004540090e-02 5.020787581313400638e-01 9.434431904020757625e-03 8.687745574565156614e-01 3.521681367981174815e-02 2.847910173429892833e-01 3.841942681154498357e-02 1.405672166853115480e-03 6.042585690880087901e-01 1.417328257847082044e-03 1.188620307236505115e-02 8.393379014193961263e-01
9.067314985541814848e-09 2.491835126193625712e-26 1.070910374613616414e-32 4.301427091301450943e-14 1.966769424254896596e-08 3.768828151388120492e-12 4.501218105981721151e-13 2.680830504130026799e-30 3.118456417310648961e-12 1.665195331449655390e-27 1.678063948345391380e-32 2.708690351318020616e-29 1.399781375643509919e-13 4.597041867161691392e-28 2.499203928633708644e-12 1.574568346911598329e-13
4.401808951146562662e-03 9.683261914544540769e-07 1.279270521428309122e-07 2.663632012601074676e-04 1.967749789790566254e-03 4.470471360211163148e-03 8.090290918751542491e-04 2.324828790754486284e-07 4.564285102078209123e-03 5.178283057164719416e-07 2.233845166824209905e-07 3.129806329280810550e-06 1.113284298820080460e-02 2.403059246707056895e-01 2.031801524427864075e-02 4.882351658545090040e-04
5.343434567924678681e-05 9.745598741700627353e-11 1.264443732471720870e-11 2.398571793643235824e-06 1.961094427399408350e-05 4.661000627127859729e-05 7.777645895502958864e-06 2.220884078266621677e-11 4.704441746398862898e-05 5.074078894557037888e-11 2.167667222875500622e-11 9.496782307029842868e-12 3.891452191083755288e-06 2.333078265575844327e-11 1.192466598848596082e-05 4.587138090441166509e-06
5.515080394219105660e-05 1.050846394746374212e-10 1.363453035248895765e-11 2.490901349533623842e-06 4.405295464995783172e-01 4.839616459108621869e-05 8.077011698508500772e-06 2.394974014930743231e-11 4.884853921970267908e-05 5.471567108375345370e-11 2.337510457393544424e-11 1.024153739179914129e-11 4.041361585823129523e-06 2.513694099464532859e-11 1.228939196119880751e-05 4.763926202993819737e-06
1.818242926854353762e-03 1.636487322627074464e-07 2.146250794484047698e-08 1.008709660128312928e-04 8.066660044097409554e-04 1.868097352426570336e-03 3.268536215669989300e-04 3.847580845564231398e-08 1.898853031029390254e-03 8.660522233077025520e-08 3.720423398766339721e-08 7.993849618147344148e-07 1.084446132992362109e-02 2.357324266569918725e-01 1.078307759117323912e-02 1.954334606102043942e-04
2.377665918435907255e-11 0.000000000000000000e+00 0.000000000000000000e+00 6.044422928628336406e-20 8.883607275586377767e-16 3.141589792658756909e-11 2.222697532868933934e-16 0.000000000000000000e+00 2.849663026790212076e-11 0.000000000000000000e+00 0.000000000000000000e+00 0.000000000000000000e+00 1.360597359651779829e-16 0.000000000000000000e+00 8.871433472653607625e-16 2.221472827150856049e-16
# (N0,N1,mut) (N0,Mouse,mut) (N1,N2,mut) (N1,N6,mut) (N2,N3,mut) (N2,Gibbon,mut) (N6,Olive_baboon,mut) (N6,Macaque,mut) (N3,N4,mut) (N3,Orangutan,mut) (N4,N5,mut) (N4,Gorilla,mut) (N5,Human,mut) (N5,Chimpanzee,mut) (N0,N1,1->2) (N0,Mouse,1->2) (N1,N2,1->2) (N1,N6,1->2) (N2,N3,1->2) (N2,Gibbon,1->2) (N6,Olive_baboon,1->2) (N6,Macaque,1->2) (N3,N4,1->2) (N3,Orangutan,1->2) (N4,N5,1->2) (N4,Gorilla,1->2) (N5,Human,1->2) (N5,Chimpanzee,1->2) (N0,N1,2->1) (N0,Mouse,2->1) (N1,N2,2->1) (N1,N6,2->1) (N2,N3,2->1) (N2,Gibbon,2->1) (N6,Olive_baboon,2->1) (N6,Macaque,2->1) (N3,N4,2->1) (N3,Orangutan,2->1) (N4,N5,2->1) (N4,Gorilla,2->1) (N5,Human,2->1) (N5,Chimpanzee,2->1)
