# 1 2 3 4 5 6 7 8 9 10 11 12 13 14 15 16 17 18 19 20 21 22
1.126554281249923184e+00 1.179885282951402825e+00 1.104323293423798286e-01 1.627655404537786399e-01 1.286772438288033449e+00 1.085363258932629638e+00 2.345502457909677041e+00 4.539507784229332432e-01 2.179329754515618056e+00 1.284593808709393992e+00 2.190147114391542083e+00 1.661381723859084447e-01 3.016144622941320796e-01 1.150370104013659134e+00 1.068823058853408670e+00 1.121058838688822723e+00 1.112722417683511544e-01 2.251754601280835821e+00 1.191278502226201796e+00 2.072156507939884040e+00 1.084615899266724304e+00 2.491955133123636923e+00
2.387201630273825395e-05 3.179264678391789689e-05 2.049325816377619634e-06 2.610897093108567816e-06 3.122116620677206438e-05 3.648266517073045430e-05 2.479813405316236136e-05 1.368006828234420670e-05 6.122276995080378837e-05 4.155877907091136403e-05 1.608888471915248953e-04 3.074893261433025687e-06 8.773877577583260375e-06 3.801417478839655097e-05 3.732998041177363100e-05 3.790625243163771232e-05 1.680681543519971210e-06 1.052088718517541486e-04 1.054508031794982433e-05 2.824632787892973279e-05 4.463183471352617706e-05 5.464845169945889251e-05
6.758861945256252300e-03 6.884736178634724008e-03 3.069791103871429786e-03 4.075894327898304040e-03 8.483016341926642723e-03 9.376287816741562045e-03 4.541077235258116941e-03 7.724772461719451311e-01 1.074810992634724766e-02 6.387129780407137247e-02 5.450170441322244042e-01 4.379559904106248951e-03 1.227905557698409228e-01 1.097165357765030741e-02 1.043340242032334692e-02 9.708116308705624364e-01 2.905874222279350005e-03 9.895569802345341448e-02 4.391425647494465179e-03 3.649107494589868828e-01 8.547388066212533234e-03 9.188763713054886040e-01
1.006143442773170874e-02 9.441947846456848203e-03 5.725075015750127373e-03 7.738484928420036497e-03 1.188817901887075958e-02 1.193030009151345786e-02 6.216442366381237823e-03 2.009087811649721000e-01 1.394987897058844357e-02 2.962642118484729720e-02 1.518333726082626178e+00 8.193408254677583824e-03 8.788654981103690700e-01 1.533071620897022425e-02 1.994214035204686097e-02 5.566480489628695960e-02 5.523519556002953919e-03 9.883671464600610745e-01 7.140455278179642928e-03 7.672826040893999666e-01 1.115611971439653578e-02 1.104917239996321188e+00
1.163717537550951296e-08 1.154019875620062438e-08 7.287718742941754016e-09 8.052524317584673592e-09 1.605785587288936981e-08 2.353745044732684318e-08 4.132589085182385522e-09 1.930569322563363397e-06 1.947475071275070025e-08 2.574161396468632940e-07 1.132423388105331004e-05 1.027413676053821612e-08 4.247118913933236930e-07 1.350042682313820597e-07 1.236887046188616487e-07 5.407216573355617000e-07 9.411278117915248775e-08 3.103388429887287411e-06 2.680280823351859284e-08 3.007307800308954646e-07 5.716081379239945060e-07 6.749957721555045455e-06
9.071526124934584101e-02 7.052572331279834128e-02 7.105286955497158718e-02 1.030244734312213278e-01 9.541378004737695318e-02 7.027316993793630839e-02 4.486144754082592445e-02 1.218766508078755889e-01 8.939832887622359281e-02 1.043166270498842918e+00 1.048510612100827410e+00 1.056466859596518759e-01 2.245788294664945450e+00 9.388835952120462292e-01 1.103425313263662666e+00 2.087157258511049385e+00 1.059039949080635257e+00 2.141188260111871244e+00 1.119057622631207227e+00 3.210344828937115036e+00 9.170506333221541961e-01 2.065671942829215624e+00
2.901860430994185523e-08 1.979019874801336051e-08 2.120410328867155371e-08 3.749282736950139242e-08 3.011770246963730153e-08 7.773228150374302823e-09 2.356143563909831448e-08 5.393965654026647388e-08 1.253330682648989397e-08 1.729805685862090947e-05 1.046590400402431678e-07 3.958653433319739619e-08 7.739010338794346208e-09 4.301590352160651531e-09 3.325705471807981157e-06 2.968739211501900075e-09 2.874350041951150194e-09 1.739146152988599903e-08 1.645641853507579033e-09 2.624989354458690289e-09 6.301706507515270736e-09 5.761238994330797754e-08
7.353776099428184238e-05 5.535596650889792011e-05 6.408939075226014110e-05 8.832560806422380196e-05 7.354847648126443217e-05 5.518712839559695527e-05 3.765759897686778840e-05 1.100872742565542800e-04 7.071197651105285396e-05 2.415062944331350381e-02 1.743807301946194389e-03 9.210110206968904990e-05 9.226478820686042650e-05 9.580707783882684125e-05 2.711062406984799389e-01 5.357043620734257587e-05 6.405361953050852362e-05 1.005970865367588506e-04 6.105176819995667206e-05 6.838791788856652624e-05 5.939676792909615884e-05 1.037767656526913034e-04
1.763524861790166231e-04 1.336632216202067350e-04 1.424863741340169165e-04 1.923806169082794225e-04 1.761790382099512569e-04 1.354636896940696511e-04 8.874326488099977084e-05 2.741344098585453111e-04 1.662325542710893565e-04 9.297453051989181816e-01 5.200483736707364052e-03 2.030122690970833483e-04 2.053564162993602629e-04 2.313489932798557262e-04 9.171194147876435623e-03 1.262299216961582527e-04 1.409902940813495672e-04 2.412627955439952177e-04 1.438496408196169186e-04 1.608742792689527219e-04 1.476426214049601695e-04 2.703247721014730978e-04
2.137063211476580626e+00 2.075168862113920820e+00 3.387296631861456575e+00 3.200777906711536946e+00 2.199833082275284291e+00 1.288696628049229798e+00 2.113171736246933552e+00 2.073887398230905621e+00 2.218505779485429930e+00 2.360515958041544959e-01 1.081438370300742413e+00 3.209105506458234558e+00 1.703022446400332957e-01 2.036906973897000817e-01 1.192245001173113245e-01 1.045490512116467180e-01 1.178570622028758119e-01 1.922883175263860045e-01 1.278118650585027272e-01 1.459391909678491861e-01 1.181257346399627040e-01 1.292263668851041380e-01
7.483555353591064114e-05 5.680288344115863651e-05 6.057547410411692247e-05 8.171573151615308479e-05 7.481139731510202820e-05 5.755859090153728203e-05 3.766857621110785255e-05 1.124011293229324593e-04 7.071340246065922590e-05 2.414166241934091045e-02 1.744820360968710226e-03 8.612624008307373708e-05 8.622934437487387693e-05 9.814453452200173466e-05 2.709548599599769236e-01 5.357949929167367593e-05 5.980127775434639065e-05 1.006275476634402164e-04 6.120357173862872059e-05 6.837884228387806245e-05 6.188030902192133030e-05 1.037885486271525407e-04
2.037098285154746447e-01 1.858374229547256618e-01 1.633390616675141349e-01 2.360986711818365003e-01 2.283790015255530159e-01 1.767203005386936421e-01 1.635368742833060440e-01 2.449054297234507516e-01 2.308650130145663282e-01 2.257624470183062226e-01 1.648248341652611415e-01 2.249109506803209368e-01 2.263144951193774845e-01 2.449045141122496716e-01 1.630688359284403477e-01 1.628239158780756257e-01 1.906703625641274213e-01 2.315140005836724690e-01 2.094029018226915562e-01 2.351110746711018440e-01 1.719590985250214754e-01 2.086079226103646211e-01
1.018811054492930378e-04 7.524860813655059313e-05 8.763387771473734971e-05 1.146265179730865516e-04 1.002937960304055699e-04 7.722411226993276215e-05 4.867884383682623056e-05 1.334466884298588917e-04 9.530706841625204812e-05 9.906169144985014108e-05 7.070371479675459988e-05 1.235525782472177668e-04 5.332793246125908234e-04 4.481968969219718500e-04 1.354570894527057823e-04 2.188204681982540607e-04 4.598078164727618065e-04 6.439088674972680325e-04 1.660500557836554702e-04 5.221720316037433860e-04 7.959850671776063898e-05 6.564502090957622382e-01
3.238520446033693999e-11 1.951716044779802731e-11 3.098669987255329987e-11 3.036012368459702074e-11 2.724583499298423461e-11 2.426347241712456444e-11 1.043295982073120349e-11 5.277553412487109932e-11 2.485856335679111543e-11 1.752655798003644071e-07 9.397898538251394462e-10 4.084763504277257057e-11 1.220925157930444968e-10 1.983956607365142342e-10 2.361319832939253686e-09 4.163017393591979096e-11 1.435944914792389848e-10 1.978082663232752960e-10 2.646316666440185333e-11 9.066422310419198186e-11 2.847056458222864092e-11 5.876025310562212463e-07
2.037098183706941013e-01 1.858374225822086445e-01 1.633390592649521800e-01 2.360986783275628442e-01 2.283790055812439657e-01 1.767202998172696105e-01 1.635368758993333560e-01 2.449049453754052197e-01 2.308650135434838213e-01 2.255568673865388785e-01 1.648374494727114226e-01 2.249109407554836515e-01 2.263144599521685618e-01 2.449044881136338003e-01 1.659254111759697892e-01 1.628239153620575919e-01 1.906703692090130076e-01 2.315141564502831151e-01 2.094029019801853519e-01 2.351110776388430357e-01 1.719591270394476012e-01 2.086080407027808281e-01
7.612132134783036969e-05 5.825587151324785728e-05 5.698641419436444781e-05 7.506679420523913369e-05 7.610669460791012308e-05 5.996713417486758386e-05 3.765830245648530366e-05 1.148157535596762381e-04 7.071641489068196894e-05 2.413280848973801962e-02 1.745825425250043840e-03 8.005265486726618009e-05 8.009919821815593931e-05 1.005823852188429018e-04 2.707981945911119293e-01 5.357269695635406056e-05 5.551097330475964609e-05 1.006602947436581387e-04 6.137527645630787970e-05 6.838992945614151282e-05 6.439356386806740964e-05 1.037954554814962476e-04
5.871794446029090370e-02 4.546098917949666085e-02 4.634646209785165533e-02 6.624745496908519826e-02 6.115944807456184101e-02 4.546320994556405509e-02 2.912145573538291524e-02 7.848584371190560349e-02 5.746656586587014365e-02 6.022604228825460815e-02 4.043605884236609049e-02 6.823805809195077066e-02 2.187811905016045610e+00 8.961984943577900875e-01 1.066125900174862418e+00 2.036823862657769713e+00 1.038696405172393922e+00 2.087770791222840483e+00 1.084097767406127399e+00 3.142072670534121315e+00 4.614608167201019601e-02 1.982973596150796380e+00
3.767099965641108840e-04 2.853938536471915593e-04 3.078489015691162896e-04 4.103929489188942910e-04 3.760630483257307809e-04 2.913679689526874582e-04 1.867928427405197533e-04 4.952083366744641519e-04 3.567611541617615170e-04 3.710415558569798706e-04 2.629910926480643132e-04 4.337288325322690677e-04 7.276386138618153986e-04 8.788164459484562596e-04 3.410595728222336046e-04 4.157243592258418009e-04 6.059171411222577389e-04 9.907164508132823132e-04 3.926794018370848732e-04 7.756687076100734829e-04 2.982939233779287910e-04 1.354544508264141855e+00
2.986199813199154427e-03 3.133992951965910989e-03 5.058307393611348977e-03 9.917150188493350713e-03 3.832847303727001352e-03 3.087327439752728976e-03 1.045616585852790405e-03 1.187834699879923746e-02 2.232817581612480187e-03 3.907592779855469795e-03 5.013397665856914043e-03 8.862992518668219577e-03 8.341323687730007805e-03 4.406026970032421962e-03 3.051579631047029312e-03 2.963702190748320701e-03 6.246627169002483271e-03 3.806180260397414288e-03 3.139425393379018103e-03 1.891832337438388188e-03 3.084388130614949819e-03 1.414436357702628403e-03
0.000000000000000000e+00 0.000000000000000000e+00 0.000000000000000000e+00 0.000000000000000000e+00 0.000000000000000000e+00 0.000000000000000000e+00 0.000000000000000000e+00 0.000000000000000000e+00 0.000000000000000000e+00 0.000000000000000000e+00 0.000000000000000000e+00 0.000000000000000000e+00 0.000000000000000000e+00 0.000000000000000000e+00 0.000000000000000000e+00 0.000000000000000000e+00 0.000000000000000000e+00 0.000000000000000000e+00 0.000000000000000000e+00 0.000000000000000000e+00 0.000000000000000000e+00 0.000000000000000000e+00
3.556760686334116178e-05 4.822417472223697468e-05 1.627749119723709628e-04 3.008613502481311485e-04 4.850256597900483736e-05 8.327541252062317515e-05 2.722244874649007459e-08 1.611476451950416197e-04 3.059366808956784985e-07 4.852823511949453918e-05 2.711376064077569315e-05 2.802830961491944409e-04 2.158638927110560421e-02 6.839696297274523230e-05 6.835199812972111045e-05 5.562623313657658487e-05 1.877809394918704704e-04 2.820465259932636437e-06 6.175443991104569823e-06 4.983205101586304105e-06 6.772014068195574487e-05 1.049895833530799387e-07
7.437952518161077909e-05 9.975765124981263664e-05 2.814883082688273341e-04 5.255912748572893296e-04 9.990900482744755940e-05 1.729293437489025495e-04 7.359194139757857698e-08 4.478475280828176502e-02 8.026181512168224741e-07 9.944985648473601467e-05 2.308620957729162629e-04 4.836393387734999301e-04 2.268226210043305100e-04 1.433238858043132512e-04 1.403040997739394939e-04 6.859287871591988623e-04 3.314745815965528235e-04 7.380083924732364585e-06 1.276395324730710494e-05 1.263469529694888464e-05 1.404172973735168370e-04 4.721149607305948251e-07
9.475286063223843173e-14 2.087512828641477736e-13 6.298891388838875551e-10 1.037962975198983175e-09 2.080337476100244833e-13 1.126901868546854905e-12 8.286327543260993561e-24 1.470844768739557196e-12 1.282369361588742143e-20 2.264513774923781818e-13 6.484306141514241042e-17 1.067336034085079280e-09 6.036134305513985348e-08 6.549825574959346013e-13 5.959016234981641392e-12 9.800129149876474603e-19 6.087907762965052760e-10 5.942678169212190203e-18 4.456157713303014878e-15 2.652811539480105002e-20 6.506253307153902583e-13 1.026329300805087658e-24
1.154475445183430126e-03 1.463480489007509475e-03 3.250042801791643791e-03 6.326321747076189307e-03 1.523521573830697489e-03 2.472060728645815442e-03 3.317718112212445252e-06 2.492028747612364675e-03 3.273564838805114661e-05 1.562074232447525956e-03 7.823378489646860140e-05 5.670707642521347416e-03 1.176034179079756513e-03 6.920716794884033095e-03 1.328771178622849877e-03 5.065805782686186092e-04 1.982700783993944851e-03 7.745812085378217656e-04 1.212072378832144222e-04 1.588129533438222983e-04 1.488237930072690007e-01 5.537617606144760790e-04
3.017905103497892931e-11 5.145712084538815107e-11 7.042208364049196603e-12 8.442416797577282960e-12 5.356571951167611620e-11 1.618405935051317287e-10 1.843235856480728263e-16 1.446383892786019765e-10 7.329351439718265039e-15 5.447695132694328554e-11 1.378068637375212397e-14 1.045207701592658591e-11 6.975474036636955679e-10 1.154189626564076976e-10 1.114776152718456435e-10 3.831569769251088687e-15 5.388122881301846325e-12 2.500603819025821064e-13 2.245091493880187175e-12 9.266948703372827926e-16 1.124655872479569197e-10 1.956536189152468527e-20
1.383576487913236322e-06 1.859975615250815493e-06 8.919333377978285934e-07 1.653798531036922183e-06 1.770976875350436946e-06 3.349394821812012604e-06 2.430765173512895713e-10 3.343853340252921088e-06 2.301269159630683126e-09 1.770777750921914494e-06 2.472305626631641435e-09 1.507273860710236275e-06 2.200734085092676663e-06 2.641398371400974328e-06 2.481857617458639755e-06 1.710794373277451581e-09 1.067951408452035970e-06 2.461160194800371900e-08 2.321837189439459763e-07 8.124041809816293110e-10 2.701798184651826042e-06 2.466627104702469987e-12
1.953691470753903586e-06 2.623340827235634315e-06 6.271203645325844019e-06 1.166909605923016342e-05 2.497705415260383944e-06 4.725751446804616058e-06 2.395458313165166223e-10 4.726922578158261289e-06 2.274985201946625579e-09 2.501157727641621473e-06 2.562678344857204695e-09 1.061632726784295218e-05 1.275176456807239912e-05 3.729710183429882177e-06 3.808104985182249506e-06 1.689885088127870750e-09 7.526914084313511183e-06 2.432983846135595477e-08 3.283508191371467094e-07 8.022396392869366682e-10 3.810052610964185219e-06 1.891927235282897886e-12
9.738497598332500772e-04 2.331574887515952977e-03 6.341359637295714870e-04 1.424968293013564999e-03 1.915882187914141974e-03 2.820368900499308981e-03 1.239710094211127778e-05 4.189621435702595674e-03 7.023776822132484995e-05 2.644900172488315240e-03 1.423794881414787493e-04 1.388106767960136300e-03 9.572410136026211075e-03 3.994201549661597662e-03 3.408614109258037428e-03 4.881337035111734264e-05 6.659615819265866758e-03 6.363345618406492099e-04 3.244163177677347114e-04 2.461923789116873153e-05 3.426214692877266321e-03 1.752468443121369166e-06
8.335262412625499814e-07 1.117391428679708279e-06 2.665671999818124472e-06 4.960098082894218383e-06 1.064963596122448615e-06 2.012135688890237179e-06 8.986956780132347431e-11 2.015896466789233679e-06 8.597010776623603868e-10 1.064755158004283153e-06 9.189023528862220910e-10 4.512006894981058948e-06 5.232358219718321454e-06 1.591815543949437220e-06 2.357651510346092967e-06 6.362161348088424374e-10 3.199875575805937105e-06 9.163142560100249832e-09 1.402130488149398764e-07 3.021498510447528844e-10 1.621944357243725425e-06 5.752976966088233012e-13
6.045374318541475375e-03 5.981976359135928421e-03 2.757634607667221356e-04 4.988715706872597251e-04 6.013134251201635722e-03 5.895914655241981696e-03 2.234633615767007888e-03 5.977512299298539007e-03 2.275111616202967792e-03 5.991617475341463536e-03 2.258767410990103128e-03 4.555962595589003669e-04 4.593656419575930855e-04 5.977660354087067050e-03 4.019605654470440395e-03 2.256268352705898417e-03 3.273150542149103992e-04 6.151218445345723804e-03 2.223838353710924382e-03 2.234692253270244983e-03 5.902530163371690758e-03 2.247337561232760211e-03
1.175960616972844777e-06 1.683801730252524032e-06 3.036242728234942619e-06 5.653457322317515530e-06 1.606646093642232470e-06 3.558370752857371290e-06 9.337054063104520481e-11 3.492750926876490962e-06 1.224208008645692835e-09 1.606840016731377281e-06 7.783272862361793866e-10 5.139359379717086666e-06 5.181017699601218869e-06 2.651281052644845983e-06 2.690147344982487159e-06 9.592991012791584155e-10 3.647086773094853684e-06 1.690905211989565693e-08 1.763164000340666565e-07 3.708863169767963026e-10 2.697433449632354457e-06 5.635353349786948536e-11
2.664717177617604325e-15 3.774822676700342728e-15 2.670780068840871016e-12 3.875077382919623259e-12 3.441885729957642492e-15 6.661385813077317916e-15 2.800070005835704453e-28 6.550606974250205767e-15 1.365011853260504175e-26 3.441891619323118402e-15 3.488154121132767161e-25 4.158679390274728752e-12 4.467697718568211038e-12 5.107341904505274887e-15 5.107055482537906568e-15 2.207174387265559026e-26 2.506645645352127412e-12 6.827069088470760034e-25 4.441127033131916819e-16 1.850095451356251084e-26 5.329104053468756116e-15 0.000000000000000000e+00
6.045374332504763366e-03 5.981977120687854976e-03 2.757620955634853275e-04 4.988675925396034898e-04 6.013134420989481831e-03 5.895916055801116509e-03 2.234633615611574930e-03 5.977591511907477326e-03 2.275111619354577407e-03 5.991321426165031189e-03 2.258831015536310292e-03 4.555896017515460037e-04 4.593374593776014254e-04 5.977665479777923181e-03 2.166359936720033651e-03 2.256267784421968087e-03 3.273100815834522150e-04 6.151218904996503048e-03 2.223838351407735926e-03 2.234692253821533598e-03 5.902549180664936994e-03 2.247337578793431878e-03
2.788879726828239438e-07 3.729052105615638491e-07 4.442960009493303255e-06 8.282594002524555816e-06 3.557232755387307223e-07 6.715062818815226116e-07 1.287910170566691269e-11 6.749476191719691131e-07 1.243439008306044518e-10 3.556877981950707715e-07 1.323097112914149037e-10 7.529101361786864605e-06 8.276945481127356938e-06 5.327890007346909878e-07 4.234155174624576970e-06 9.165074951673344811e-11 5.338741103692480712e-06 1.321367899560674565e-09 4.701518685461488560e-08 4.353192613167227476e-11 5.409454075032682767e-07 3.868927406224497045e-14
7.284782472348929998e-04 9.334886184968824033e-04 2.106481789176588119e-03 4.071278787623735552e-03 9.555179452226710956e-04 1.598272027041453252e-03 1.672771124553613287e-06 1.607931925422783053e-03 1.641435378185410892e-05 9.570682427758114364e-04 1.010403087796744317e-05 3.658938246638481807e-03 7.593562220310050032e-04 4.419244950409332087e-03 8.606647091237451010e-04 3.239368977313322349e-04 1.279075536079486318e-03 4.684850321659516899e-04 7.737463266891383485e-05 9.851084282211154425e-05 1.313973364059887886e-03 3.004899688303333169e-04
4.039106275296827452e-06 5.412908190303484858e-06 1.428221310087458260e-05 2.634986981532131284e-05 5.166496410654425174e-06 9.737251232430057314e-06 7.106680657689693806e-10 9.745761384925380566e-06 6.766267593428275960e-09 5.166937891033339160e-06 4.497057127702706868e-09 2.417975896679935404e-05 2.404451554981289530e-05 7.719258493772495778e-06 7.851775946534834106e-06 5.360120943655568736e-09 1.687486837476724313e-05 7.442096014341070061e-08 6.782207562126130357e-07 2.537840910080712683e-09 7.853949853144085165e-06 6.343987746276965772e-10
2.986199813199154427e-03 3.133992951965910989e-03 5.058307393611348977e-03 9.917150188493350713e-03 3.832847303727001352e-03 3.087327439752728976e-03 1.045616585852672444e-03 1.187834699879923746e-02 2.232817581612807183e-03 3.907592779855469795e-03 5.013397665856914043e-03 8.862992518668219577e-03 8.341323687730007805e-03 4.406026970032421962e-03 3.051579631047029312e-03 2.963702190748320701e-03 6.246627169002483271e-03 3.806180260397224770e-03 3.139425393379018103e-03 1.891832337437975324e-03 3.084388130614949819e-03 1.414436357702432163e-03
0.000000000000000000e+00 0.000000000000000000e+00 0.000000000000000000e+00 0.000000000000000000e+00 0.000000000000000000e+00 0.000000000000000000e+00 0.000000000000000000e+00 0.000000000000000000e+00 0.000000000000000000e+00 0.000000000000000000e+00 0.000000000000000000e+00 0.000000000000000000e+00 0.000000000000000000e+00 0.000000000000000000e+00 0.000000000000000000e+00 0.000000000000000000e+00 0.000000000000000000e+00 0.000000000000000000e+00 0.000000000000000000e+00 0.000000000000000000e+00 0.000000000000000000e+00 0.000000000000000000e+00
4.664709977713031315e-05 4.510436323167610828e-05 1.627749119723708815e-04 3.008613502481309316e-04 3.711146748387770340e-05 6.564765951750740956e-05 2.343919289415296392e-08 1.611476451949848889e-04 2.970886549584425123e-07 1.302065429547970689e-04 4.875347166102839892e-06 2.802830961491956335e-04 2.660071346344882533e-04 8.458588497494482470e-05 2.845418989950236318e-04 4.278468575601497055e-05 1.877809394918701180e-04 1.158167221452356357e-05 4.621464698897240171e-06 6.585784357569838680e-07 8.768601341177638278e-05 1.534218782241083376e-07
9.685061298276538631e-05 9.417131497037584782e-05 2.815056651530589162e-04 5.256767650307627923e-04 7.801139472515063221e-05 1.365382560828532865e-04 6.545871996758441385e-08 6.759042584725520218e-04 7.850263165235737884e-07 1.409360542152445514e-04 3.533049498390392236e-03 4.837656802827021191e-04 2.268455674169964054e-04 1.744342488150341184e-04 1.817089241107806982e-04 1.360920046632739554e-04 3.315809760953331345e-04 6.379196656595532511e-05 9.684587309972680981e-06 1.412718193202440739e-06 1.820819835539069461e-04 4.694175113739415953e-07
1.392154767101941490e-13 1.027223603677292358e-11 6.298891388838678061e-10 1.037962975198164680e-09 8.194527232292885969e-13 3.324443280177275987e-12 9.329551898605896051e-23 1.604580676296796250e-11 8.414616972794487054e-20 3.424656280867422731e-11 2.554652863986173008e-17 1.067336034084756266e-09 3.092853655158354353e-08 1.082442170347690488e-12 1.983004388745672450e-08 5.287729693545017273e-19 2.071234910920582296e-08 7.843386286088631859e-17 3.067401823386007325e-15 1.092641667154043661e-20 1.344422348910127327e-12 2.490047560723519245e-24
1.396174499452011025e-03 1.445734374463044725e-03 3.250128421136330801e-03 6.326715916417841902e-03 1.271228337979516017e-03 1.989395569890065833e-03 3.371134876126276616e-06 2.291744422463617113e-03 3.333997389865991923e-05 8.676438458344497631e-03 1.265399755399768730e-03 5.671220227770169299e-03 1.175373882755492792e-03 2.027342890500340444e-01 1.682078451520021504e-03 1.480966249342220709e-01 1.982700783997420804e-03 9.305157045271668370e-02 1.014709185583153233e-04 1.061779592114339282e-01 3.848474954890576064e-03 5.844123408550118137e-01
3.352401230517728828e-11 2.837071045603559787e-09 7.042208364019567543e-12 8.442416797803948220e-12 2.765835297071567101e-10 6.176618508819875170e-10 1.253423125241138047e-14 2.945266570657804967e-09 9.604938276666714539e-14 7.270670713197574334e-09 8.116682818156707801e-14 1.045207701588074524e-11 1.882590483455148905e-10 1.525479758824697847e-10 1.820094438375665325e-10 1.193440533450376256e-15 1.976376780015274594e-10 1.259745227498693899e-13 1.432709263260240415e-12 9.254389766793321174e-16 1.826949328349454814e-10 3.250929796715456027e-20
1.853870424667904133e-06 1.767004725351381316e-06 9.196243097624466878e-07 1.780121871149564994e-06 1.429167852149677149e-06 2.628061350853802504e-06 2.253529882141723330e-10 2.641761041636527344e-06 2.303618645690812459e-09 1.718838593277965639e-05 2.267212301992453496e-09 1.671929475649418802e-06 1.640252030768987377e-06 3.343912753374371904e-06 5.953111243022041199e-02 9.719931144445848122e-10 1.224135991826449270e-06 1.497508402295797147e-08 1.734243005972132929e-07 8.124319673511356989e-10 3.533083534066621138e-06 2.601731164047689183e-12
2.618878627709911976e-06 2.491783273680667421e-06 6.358746882776801440e-06 1.205620767748516658e-05 2.015024712606368487e-06 3.706338686179469690e-06 2.219520646984214675e-10 3.730450924871170811e-06 2.276827776588839421e-09 3.175025532671391852e-04 2.366039318933695225e-09 1.111768630222035472e-05 1.106774432360766132e-05 4.726888618104932572e-06 4.972986912923279073e-06 9.602942899264597997e-10 7.995763729444475238e-06 1.479764483192888758e-08 2.450767189401676353e-07 8.022778852803195491e-10 4.984904201996125789e-06 2.009332024312419282e-12
7.969946279490772644e-04 1.380234617363071403e-01 6.341359637295714870e-04 1.424968293013564782e-03 1.105793537250741865e-02 1.800770099904665938e-02 1.105804041305098392e-03 1.013992879961163884e-01 6.760914992920899610e-04 3.473946848296148929e-03 1.732509254721751202e-03 1.388106767959986464e-03 9.570656069613901751e-03 4.158153738573060719e-03 4.280209376086895230e-03 2.927812332868783143e-05 6.660091908692885622e-03 5.078770270406308051e-04 2.783513124569061384e-04 2.464644688332208594e-05 4.308914893829421562e-03 1.668575069673409705e-06
1.116360019054502059e-06 1.061709908482322457e-06 2.693394562147043104e-06 5.086905034543875408e-06 8.591910007823962144e-07 1.577894186739305015e-06 8.332003178610870540e-11 1.592147856765668581e-06 8.602668130637525235e-10 1.034694870452531422e-05 8.427909809643116117e-10 4.677073820475962191e-06 4.670617438742417345e-06 2.015819152113044437e-06 5.958801800299924623e-02 3.619192320391936253e-10 3.356252556736675785e-06 5.581666461438351454e-09 1.047164134221750501e-07 3.021615886484804736e-10 2.122377227039454665e-06 6.064066676164073674e-13
6.045374318541475375e-03 5.981976359135928421e-03 2.757634607667221356e-04 4.988715706872597251e-04 6.013134251201635722e-03 5.895914655241981696e-03 2.234633615767007888e-03 5.977512299298539007e-03 2.275111616202967792e-03 5.991617475341463536e-03 2.258767410990103128e-03 4.555962595589003669e-04 4.593656419575930855e-04 5.977660354087067050e-03 4.019605654470440395e-03 2.256268352705898417e-03 3.273150542149103992e-04 6.151218445345723804e-03 2.223838353710924382e-03 2.234692253270244983e-03 5.902530163371690758e-03 2.247337561232760211e-03
1.650984818448261414e-06 1.591415843135011441e-06 3.036242744220018803e-06 5.653457390930942542e-06 1.242087591587555333e-06 2.600190788336149834e-06 8.628753645904103044e-11 2.659802400071447816e-06 1.187983740149832373e-09 1.242284268263782419e-06 6.150365429488820002e-10 5.139359491947637582e-06 5.181017300174373274e-06 7.254573587260897301e-05 3.810888644017213514e-06 1.680259561009109239e-07 3.647086858391070625e-06 6.163234320843966801e-07 1.291936611492923890e-07 1.532408998670994156e-07 3.822650011598083910e-06 1.174494596199248052e-05
3.552889427837117872e-15 3.552865613177069145e-15 2.691601734505119240e-12 3.962096278511008622e-12 2.775707729185811837e-15 5.329106991012467553e-15 1.942930422193071916e-28 5.107345003739924634e-15 1.488761467374750277e-26 4.989116711717040073e-15 3.485796721349228150e-25 4.307465162243297802e-12 2.980645105425244171e-11 6.550695701636561873e-15 6.883721061125704088e-15 2.223582393737159120e-26 2.997843069480512958e-11 8.226644206347939619e-25 3.331305075408765622e-16 2.707873030700699184e-26 6.883428107068097726e-15 0.000000000000000000e+00
6.045374332504763366e-03 5.981977120687854976e-03 2.757620955634853275e-04 4.988675925396034898e-04 6.013134420989481831e-03 5.895916055801116509e-03 2.234633615611574930e-03 5.977591511907477326e-03 2.275111619354577407e-03 5.991321426165031189e-03 2.258831015536310292e-03 4.555896017515460037e-04 4.593374593776014254e-04 5.977665479777923181e-03 2.166359936720033651e-03 2.256267784421968087e-03 3.273100815834522150e-04 6.151218904996503048e-03 2.223838351407735926e-03 2.234692253821533598e-03 5.902549180664936994e-03 2.247337578793431878e-03
3.733700153434192008e-07 3.543748408283916551e-07 4.470714781999065588e-06 8.409889962847140894e-06 2.869226141298211768e-07 5.263186836130595287e-07 1.194076995313017886e-11 5.329347003893224924e-07 1.243867813661983043e-10 3.459408326583091758e-06 1.213660367593540022e-10 7.694584247599723167e-06 7.713933049253964073e-06 6.748874537881447838e-07 5.964793097994850607e-02 5.219412102199843897e-11 5.495313982468287919e-06 8.057065827419868580e-10 3.510909961283187309e-08 4.353398696844279292e-11 7.082638512267020262e-07 4.080949849229035239e-14
8.990654841673810993e-04 9.156684501087534534e-04 2.106481789181503892e-03 4.071278787642923329e-03 7.915352706147798286e-04 1.278988598397566958e-03 1.670680088867604337e-06 1.434330332762075427e-03 1.665639184680929398e-05 7.928543509484629534e-04 9.008219978259662019e-06 3.658938246676549880e-03 7.593562219903310503e-04 1.989119757324907811e-01 1.098284675875214455e-03 1.461385480264386361e-01 1.279075536081767045e-03 9.073788838323479378e-02 6.332439026150256313e-05 1.051107128788524303e-01 1.679740388028874319e-03 3.474783430246990434e-01
5.399553314208513880e-06 5.147600680071741562e-06 1.428221310574043621e-05 2.634986983394971543e-05 4.169674314474089283e-06 7.640311145922911449e-06 6.600128636764988417e-10 7.716375241063895728e-06 6.774516206505236940e-09 4.170036858848789238e-06 3.741485639324897047e-09 2.417975900377856619e-05 1.293733560349837042e-04 9.759553729947730645e-06 1.041212144792753516e-05 3.220259624124907936e-09 8.667397675789489117e-05 4.728683082455693189e-08 5.276712275299594680e-07 2.663484686824554539e-09 1.027028021951157410e-05 3.702319918116309636e-08
# (N0,N1,mut) (N0,Mouse_Lemur,mut) (N1,N2,mut) (N1,Tarsier,mut) (N2,N3,mut) (N2,Marmoset,mut) (N3,N6,mut) (N3,N4,mut) (N6,N7,mut) (N6,Gibbon,mut) (N4,N5,mut) (N4,Vervet,mut) (N7,N8,mut) (N7,Orangutan,mut) (N5,Babbon,mut) (N5,Macaque,mut) (N8,Human,mut) (N8,Gorilla,mut) (N0,N1,1->2) (N0,Mouse_Lemur,1->2) (N1,N2,1->2) (N1,Tarsier,1->2) (N2,N3,1->2) (N2,Marmoset,1->2) (N3,N6,1->2) (N3,N4,1->2) (N6,N7,1->2) (N6,Gibbon,1->2) (N4,N5,1->2) (N4,Vervet,1->2) (N7,N8,1->2) (N7,Orangutan,1->2) (N5,Babbon,1->2) (N5,Macaque,1->2) (N8,Human,1->2) (N8,Gorilla,1->2) (N0,N1,2->1) (N0,Mouse_Lemur,2->1) (N1,N2,2->1) (N1,Tarsier,2->1) (N2,N3,2->1) (N2,Marmoset,2->1) (N3,N6,2->1) (N3,N4,2->1) (N6,N7,2->1) (N6,Gibbon,2->1) (N4,N5,2->1) (N4,Vervet,2->1) (N7,N8,2->1) (N7,Orangutan,2->1) (N5,Babbon,2->1) (N5,Macaque,2->1) (N8,Human,2->1) (N8,Gorilla,2->1)
