# 1 2 3 4 5 6 7 8 9 10 11 12 13 14
3.818939250701215204e+00 6.085673217119386136e-01 2.216740834876560928e+00 2.992922610181711018e+00 4.281003439974709224e+00 4.172769341597076576e+00 3.031254488411731618e+00 3.598384402025426088e+00 1.740334267067900953e+00 3.223253956054084490e+00 1.354684247080905068e+00 3.216046240773774212e+00 2.915361147515517892e+00 5.375736267831198845e+00
5.071801521934389691e-05 8.166597018263781161e-06 3.528205024856882039e-05 2.863283902300581266e-05 8.488010774449355762e-05 1.114670263314701076e-04 1.173828250078419043e-04 7.285145206342461487e-05 1.674793986624017764e-05 5.155009782871025387e-05 2.659443115393703920e-05 7.235800693882561349e-05 6.644701181482914019e-05 1.912401320899523034e-04
2.110843924574418690e-07 1.958849133658639558e-07 1.268277820279161206e-07 8.856744194254226202e-07 1.010783513076657687e-06 1.172212385733436626e-07 7.685729111060303444e-07 1.036352422733811254e-06 1.796475982203462171e-07 1.085266001556677493e-06 6.248279468950669459e-08 8.453163667078027020e-07 2.651247788266271845e-07 1.556986759507100272e-07
2.275359209889960432e+00 1.127255460229862560e+00 1.301059497113491226e+00 1.275856585700593904e+00 2.441955590083465300e+00 3.118267267733516035e-01 2.310416649068558481e+00 3.466460205871706446e+00 1.185113078212868709e+00 1.291089975534052803e+00 3.263963696211781840e-01 1.345230397844385584e+00 1.220172728982340749e+00 2.790208297260989845e-01
2.425860249837904005e-08 1.379424294364533035e-08 5.480883579168587555e-09 1.051390162920881527e-08 4.376586267260761344e-08 6.726962116112615530e-09 1.296048986310623118e-07 1.977508756748444153e-07 1.981036913842509403e-08 3.739152500482917078e-07 8.854008390054119715e-09 5.188471369354935519e-08 3.474037391667792369e-08 1.707085465811383311e-08
4.015195914277813749e+00 6.084772719394411222e-01 3.243050665634024554e+00 3.051989634115064742e+00 4.184607112449913124e+00 2.110385959585113103e+00 4.007730941824855897e+00 3.396907212145630961e+00 4.138820334577844484e+00 3.003670136494081433e+00 3.227015677091291668e+00 2.068106022040540282e+00 4.258327869549542122e+00 2.177685907872263460e+00
1.691603445360894504e-03 1.483242277112494260e-03 1.005332159764253497e+00 1.920640740577285194e-03 2.498170674576351020e-03 3.102405365960635413e-03 2.376691083236929288e-03 1.008006461283952993e+00 2.024659060924889099e-03 2.550553001150089247e-03 3.225603969000388673e-03 2.773341063850548894e-03 1.848605543937586939e-03 2.742273460229904467e-03
1.137469747119393051e-12 1.458516170059372322e-12 4.380477774135695153e-11 3.103706169063087477e-13 1.870313732923242862e-12 5.782558174586195130e-13 6.322400563597100513e-12 2.332306532112857341e-09 1.005529250282553294e-12 9.680428919806168846e-12 1.025580248137107775e-12 3.505004478964320709e-12 3.146521593705746763e-12 1.427140082899091545e-12
3.391404864127388107e-17 2.394681235981524212e-17 3.129115159189342016e-15 3.024761256931485659e-17 4.086200917574210633e-17 6.514570435144288074e-17 2.942812184179260179e-17 3.096303133285677133e-14 3.190858201850910134e-17 5.394079423098411700e-17 6.694373167731512063e-17 5.161778558299637924e-17 2.351210254594846933e-17 6.765928452939328391e-14
4.227817182085453194e-04 3.702646470884335406e-04 6.190434457621024709e-04 4.778397495801800206e-04 6.203911954318389824e-04 7.720484799877036682e-04 5.892893660002071401e-04 5.864725663270379911e-04 5.039188213122744930e-04 6.358086543049749689e-04 8.023002227358113888e-04 6.897722940876015564e-04 4.591301051241072038e-04 1.012612032114755589e+00
1.137469750860483575e-12 1.458516173307566598e-12 4.380477774643372730e-11 3.103706211396775065e-13 1.870313738429892444e-12 5.782558242939125050e-13 6.322400569029882220e-12 2.332306532220667099e-09 1.005529254758050955e-12 9.680428925422715512e-12 1.025580255218892209e-12 3.505004485047101588e-12 3.146521597686233575e-12 1.427140088905835825e-12
1.595861689700202868e-01 1.621688087652591592e-01 1.882673186618376293e-01 1.881090015618174793e-01 2.134201808636730369e-01 1.859163890399054830e-01 2.222645688291195465e-01 2.517725101407463084e-01 1.743812936779706724e-01 1.878756675550635469e-01 1.919618145187412528e-01 1.830191567816044917e-01 2.106140263893532538e-01 1.850489486015805540e-01
5.531889621791352437e-19 3.165112767159617541e-19 6.291198555299024699e-18 6.985880813208206196e-18 5.531556433539210941e-19 1.010128112633592333e-18 2.778310513374154190e-19 5.968521660955357394e-16 3.815643218109485177e-19 8.914936394004482729e-19 1.025994274055289370e-18 7.204798195388534903e-19 2.394793279886613118e-19 6.995065100370480027e-16
4.236310553020366013e-04 3.710089215906381497e-04 6.202909444468915822e-04 1.004784567494508618e+00 6.216415171962165519e-04 7.736028543235218356e-04 5.904779307451708814e-04 5.876543681484429999e-04 5.049332740429448565e-04 6.370876205052931375e-04 8.039159162765448620e-04 6.911614007303244983e-04 4.600553680131200989e-04 6.834960344698717436e-04
1.595861689699977215e-01 1.621688087652185251e-01 1.882673186614045036e-01 1.881090015618127054e-01 2.134201808636843611e-01 1.859163890398929653e-01 2.222645688293057586e-01 2.517725102272140303e-01 1.743812936779735312e-01 1.878756675550338484e-01 1.919618145187133584e-01 1.830191567815757925e-01 2.106140263892812003e-01 1.850489486015444718e-01
1.137469754601580157e-12 1.458516176555769760e-12 4.380477775151083265e-11 3.103706253730484362e-13 1.870313743936556567e-12 5.782558311292098389e-13 6.322400574462688161e-12 2.332306532328489678e-09 1.005529259233556896e-12 9.680428931039336494e-12 1.025580262300683913e-12 3.505004491129909528e-12 3.146521601666741389e-12 1.427140094912589395e-12
1.674663393350797093e-03 1.002179076159905868e+00 1.009981780851668898e+00 1.901320170027802998e-03 2.472995589183111555e-03 3.071206001610948724e-03 2.352702259036570757e-03 2.337188771394425792e-03 2.004300178210907928e-03 2.524946204864114956e-03 3.193149566461428272e-03 2.745435112970833706e-03 1.829978178701623494e-03 2.714683205602753426e-03
2.186201011260194926e-20 1.203037887095834246e-17 1.216943159677516646e-17 2.646474154802579544e-20 2.013550113923463788e-20 3.896360920570907828e-20 7.067166229572490346e-21 2.586951121893504931e-17 1.141779268031625477e-20 3.606855604648880559e-20 3.933509760492072809e-20 2.561804143099243456e-20 6.494106409782493182e-21 1.655505956734844161e-17
5.160342259448995897e-26 1.312932649581944281e-16 4.906570581987347377e-21 1.522001716252243239e-21 1.938489037257785037e-16 1.801752597864655481e-21 1.595767534114138139e-16 1.819669873558433618e-21 4.020286988399000018e-22 5.176374232305924087e-21 1.245495677936378194e-16 7.690921775304574007e-21 3.838539372491310844e-22 3.014310002749911412e-21
0.000000000000000000e+00 0.000000000000000000e+00 0.000000000000000000e+00 0.000000000000000000e+00 0.000000000000000000e+00 0.000000000000000000e+00 0.000000000000000000e+00 0.000000000000000000e+00 0.000000000000000000e+00 0.000000000000000000e+00 0.000000000000000000e+00 0.000000000000000000e+00 0.000000000000000000e+00 0.000000000000000000e+00
2.394362259840356878e-46 9.014743714569799879e-23 6.533142472035262901e-31 1.163246635123189004e-38 6.463927853118640083e-46 3.612480227558622206e-40 4.487146111899801807e-30 6.312150321414509046e-37 7.374237331400446558e-32 1.098853778700979421e-37 1.942852795223185712e-23 5.909822720805082637e-38 5.606622438276806533e-38 2.321227017337669188e-47
5.564892197914734824e-32 7.672642791484935887e-24 7.084167024395446817e-32 2.884443789026723747e-24 1.163164343549146859e-33 1.947049476066806401e-39 2.497327007910648322e-25 1.446768979884552438e-30 1.470644661886633104e-32 1.623148844054338291e-25 1.970200930358213398e-23 6.600124723007218008e-24 2.515847720027350136e-27 1.849773555575818583e-41
1.976848853873839669e-54 7.600536155296175153e-24 5.086207147373650504e-34 1.467403369634880284e-43 8.614352907837682005e-54 1.106183961793103649e-44 1.494718962679327285e-32 3.994659398030524731e-40 4.889925050391929209e-34 6.532810131885934391e-41 1.277635240721321097e-24 4.471526791064041693e-42 4.914651059650611665e-42 3.076696945732246643e-56
1.140118343695538921e-33 1.311207416147174774e-16 2.940640469887245760e-25 3.988212740108750348e-38 1.115943606720464584e-34 3.156649451388192680e-36 1.797074135845036432e-23 1.755872330197733003e-23 2.346247502966667806e-34 6.536972294230010439e-31 1.370285879616084056e-16 3.128654049508409305e-34 1.595298838598171663e-29 1.052955519625617435e-35
9.729259214220015006e-67 1.610930648637170394e-27 3.613593959388129274e-29 4.496300751251016231e-56 3.986140814831783428e-58 1.752257361298291479e-56 2.439658779396433281e-40 1.368982408081394723e-41 1.110020881853929213e-41 1.111595898191306664e-52 4.392289771445478376e-28 1.587839039875897049e-53 2.603550044045102110e-46 2.503041917081567166e-57
6.145769064282795124e-67 7.095239281293096896e-28 4.293274741950687984e-39 4.541455369765174371e-56 1.531355003978315589e-67 1.958495862909042223e-55 1.669353687640458967e-40 9.339240186973815000e-49 1.982143242806342207e-41 1.134966554955533357e-53 1.241209111825841988e-28 9.541252799343198442e-54 1.190374081694406298e-53 6.096426048711452889e-68
2.236874564655577999e-91 9.595135874368348408e-33 3.544154245326178238e-48 5.507838795088040879e-70 3.299652222953393122e-91 1.033546453161335638e-71 1.401285224505797643e-50 3.592543634450520487e-68 4.277264912493270167e-51 9.000906824414212804e-72 1.845760742934942045e-32 6.106723606061433733e-70 5.273963097635130588e-70 4.732978277200228620e-87
3.922803470634034212e-74 1.586427900595308863e-32 5.451870843156726757e-48 1.102164745938699973e-68 3.914272075014686451e-91 5.358113981905727130e-71 1.597136758813549994e-50 6.419408678934347214e-68 4.545896443707453388e-51 8.069724371964891555e-71 1.959384943439923772e-32 7.637673177161947436e-70 6.046606455625464144e-53 1.029322943516937317e-70
9.685507444486593345e-68 7.098640682415748078e-28 1.908369173927989634e-39 9.886539473857598464e-57 1.334036114912320564e-68 2.693796328069411191e-56 7.319269797937217336e-41 2.615168543630252197e-49 5.163891298145964902e-42 2.185639196444851901e-53 4.948203103163374340e-29 2.820593169284192813e-54 1.912498657156177066e-54 7.220522588381919766e-69
4.028878733602513957e-56 1.010766504547301454e-59 4.527649044661005229e-41 4.617050568178171228e-29 9.184375926500927361e-56 8.885435025544578834e-59 1.254060877008657709e-46 1.549337062660826206e-57 1.165999698734746127e-44 8.122687603535030540e-47 9.535148162182925385e-30 6.418758431767161264e-44 3.536889271959326340e-34 9.966362169854008295e-57
3.753611284591337471e-100 5.173572754569973231e-36 9.128759544835570994e-54 6.350086182467245500e-76 9.568893529128551950e-100 2.345623153774863599e-78 6.744783893784835149e-55 3.083601045091099930e-74 3.096645167120204314e-55 1.808544720400827012e-78 2.467586637141959634e-34 2.499372645618033074e-76 3.520749452845203233e-76 1.761950212683589424e-95
4.913388110244435590e-82 7.917112954082638650e-33 1.439244139343503382e-52 8.004674971665305401e-56 5.106982502094626946e-85 2.117591722725373626e-77 2.161761517377415021e-54 2.548992075878830287e-56 2.798297269535161791e-55 1.795129733348300941e-77 2.880518896001831260e-34 4.272469012068231662e-76 1.864909105159551982e-60 3.089062120088349898e-95
0.000000000000000000e+00 2.052275923028708209e-65 1.131912278876543156e-41 2.308525304615639309e-29 0.000000000000000000e+00 0.000000000000000000e+00 3.135155806678949119e-47 0.000000000000000000e+00 2.915006526276658154e-45 2.030672835884319958e-47 4.767574154769808461e-30 1.604691246273239251e-44 1.768474667581100405e-34 0.000000000000000000e+00
0.000000000000000000e+00 7.095785607000031692e-28 4.792343953113309071e-40 0.000000000000000000e+00 0.000000000000000000e+00 0.000000000000000000e+00 2.480744217152909078e-41 0.000000000000000000e+00 2.530206004742058878e-42 0.000000000000000000e+00 1.248959648972941380e-28 0.000000000000000000e+00 0.000000000000000000e+00 0.000000000000000000e+00
0.000000000000000000e+00 3.783465092975456345e-36 1.773414109744395312e-56 0.000000000000000000e+00 0.000000000000000000e+00 0.000000000000000000e+00 2.048587396247846553e-58 4.174373666780525595e-61 1.246645736332085097e-58 0.000000000000000000e+00 8.038317963071005936e-36 0.000000000000000000e+00 7.645203063868300207e-64 0.000000000000000000e+00
0.000000000000000000e+00 7.186183340214240870e-33 4.473758117006961044e-56 0.000000000000000000e+00 0.000000000000000000e+00 0.000000000000000000e+00 1.120683469724137220e-58 0.000000000000000000e+00 1.171237807139239242e-58 0.000000000000000000e+00 1.015044044168524490e-35 0.000000000000000000e+00 0.000000000000000000e+00 0.000000000000000000e+00
4.921240546008300609e-26 1.312931752236120207e-16 5.867434700751227685e-21 2.051674047291274727e-23 1.938534943371380257e-16 1.904825217354676954e-21 1.595784047890190897e-16 1.803624549973989197e-21 1.349296634130135180e-21 3.892803926360381394e-21 1.245490273215359974e-16 1.855740045533497359e-16 9.607945158823627800e-21 3.558345473778505663e-21
0.000000000000000000e+00 0.000000000000000000e+00 0.000000000000000000e+00 0.000000000000000000e+00 0.000000000000000000e+00 0.000000000000000000e+00 0.000000000000000000e+00 0.000000000000000000e+00 0.000000000000000000e+00 0.000000000000000000e+00 0.000000000000000000e+00 0.000000000000000000e+00 0.000000000000000000e+00 0.000000000000000000e+00
6.987234013019332585e-46 5.317426853432542649e-24 1.066805736926138570e-31 7.351221317566889210e-39 1.625769357091045151e-47 7.851524632479305486e-40 3.368407934883512241e-30 4.183778277523116709e-38 1.059240157158323641e-30 1.112300881767694136e-37 1.942852795224449662e-23 1.091774376691490020e-37 1.270978575889866415e-38 8.389796306478585300e-48
1.887735934666493251e-16 3.850085704943089783e-24 9.462935421323752821e-32 2.531238935295914519e-33 3.071386384768484709e-39 7.881548940260418041e-40 9.814279172210312447e-25 1.933328031616610727e-24 3.313683313928458404e-25 6.285991252329429773e-24 1.655315820798887626e-23 1.067385597402082603e-31 1.682013889593707048e-23 2.243860304309888198e-41
1.412642725277125769e-53 3.523199994738615155e-25 3.773395237483351433e-34 4.225679427013384395e-43 3.523290760056684342e-55 1.733752535824757506e-44 7.248071025533558774e-32 1.592445123565683312e-41 1.986228241775638380e-32 3.375013430659954220e-41 3.192620276218608661e-24 1.382319258213829624e-41 4.587373201702771992e-42 5.471991462014621314e-56
4.492643837990818673e-16 1.311207341502007874e-16 2.113066275212234565e-16 5.023237231931056257e-34 7.169663991986558148e-16 2.383799861723643910e-35 1.821885229574318336e-23 1.998844579371424861e-23 2.598687546054337742e-27 7.703024932503588776e-26 2.740571741550584070e-16 6.628406477649313705e-26 4.517653949384227401e-26 2.202556538389751414e-35
1.286717542320887445e-57 6.992106031982075370e-29 1.468385039303075560e-40 1.088486844200218303e-55 1.572490693994008519e-57 9.859656218214101243e-57 1.110698840406731134e-39 2.765162981931820170e-52 3.681450935099469459e-40 9.096390816075681206e-54 1.206042743208415981e-27 6.684040417534218127e-46 8.543708997930515791e-43 3.775465240120074812e-61
1.680373778012532423e-66 3.055680998887001182e-29 8.629095897865011775e-41 8.497318457692948839e-56 5.048550698417653018e-68 2.160237139421714919e-56 9.042076114897691341e-40 1.999077264409714843e-52 1.938101849280022099e-40 2.793890328816569852e-53 3.337675897429943450e-28 1.193853218184365027e-53 5.594698631978984332e-54 1.493532207985008679e-68
2.256183006583553673e-91 9.595135796730630391e-33 4.709512349579503240e-50 6.518981770818931030e-71 6.448075473823515005e-92 1.002517557989144501e-71 1.506516693043211005e-50 3.212046286350160373e-69 9.355526229837059842e-51 6.434206767645329795e-72 1.845760744690160880e-32 2.204871451812227835e-70 1.873632137115167042e-70 1.229809922602064336e-88
5.062416539308320273e-91 8.045648082731642928e-33 5.410080483318327129e-50 4.577447547415989909e-71 1.282603977925987074e-73 6.154607103068458723e-71 1.465908850382509987e-50 2.755476834655647934e-69 9.993120815153894397e-51 4.449159642420005105e-71 1.959384945796573065e-32 5.996643995948412820e-70 3.634897359563886496e-54 4.656639980343189619e-88
1.852143021835956035e-67 3.071969117240578482e-29 4.390187145096205563e-41 1.824443956564696657e-56 1.158025241486032113e-68 4.634073702526090650e-57 4.846143586285846230e-40 6.476165233735844497e-53 1.177012789681400102e-40 7.241554848656262826e-54 7.494920347866797407e-29 1.455442214663186651e-53 1.139814657846279940e-54 1.919935945388123373e-69
4.028878733602513957e-56 1.010766504547301454e-59 4.527649044661005229e-41 4.617050568178171228e-29 9.184375926500927361e-56 8.885435025544578834e-59 1.254060877008657709e-46 1.549337062660826206e-57 1.165999698734746127e-44 8.122687603535030540e-47 9.535148162182925385e-30 6.418758431767161264e-44 3.536889271959326340e-34 9.966362169854008295e-57
2.359306048300541991e-99 7.004053148534884860e-35 6.810123001904186956e-55 3.545289847363085442e-78 3.036691703688227303e-100 2.455604989014090745e-78 6.080722117828452905e-55 1.189984765172690624e-75 6.410602308722304637e-55 9.426787474331988747e-79 2.467586640588245116e-34 1.995611459867265856e-76 8.359658857169415451e-77 5.463906817359323675e-97
3.111605429935554857e-99 1.058384955086022864e-34 6.659533105526168273e-55 1.535122188898906022e-77 6.631423063646983887e-100 2.223457505048677569e-77 2.223502159409650624e-54 1.125097564092848903e-75 4.917952852404583947e-55 3.295436409616019811e-59 2.880518900549201721e-34 5.180234523712717128e-76 1.107279084366190240e-76 3.610935227153293156e-96
0.000000000000000000e+00 2.052275923028708209e-65 1.131912278876543156e-41 2.308525304615639309e-29 0.000000000000000000e+00 0.000000000000000000e+00 3.135155806678949119e-47 0.000000000000000000e+00 2.915006526276658154e-45 2.030672835884319958e-47 4.767574154769808461e-30 1.604691246273239251e-44 1.768474667581100405e-34 0.000000000000000000e+00
0.000000000000000000e+00 3.049128580613005433e-29 1.331877334903040162e-41 0.000000000000000000e+00 0.000000000000000000e+00 0.000000000000000000e+00 1.575693719698063926e-40 0.000000000000000000e+00 3.998281263456713809e-41 0.000000000000000000e+00 3.349696322509557943e-28 0.000000000000000000e+00 0.000000000000000000e+00 0.000000000000000000e+00
0.000000000000000000e+00 1.530285235951032575e-36 1.420568924057422181e-39 0.000000000000000000e+00 0.000000000000000000e+00 0.000000000000000000e+00 1.461824592431338695e-58 0.000000000000000000e+00 1.717147321567902938e-58 0.000000000000000000e+00 8.038317976676388615e-36 0.000000000000000000e+00 6.750413890044307414e-62 0.000000000000000000e+00
0.000000000000000000e+00 3.041914684469277919e-36 3.992889259718710228e-59 0.000000000000000000e+00 0.000000000000000000e+00 0.000000000000000000e+00 1.254917025387230829e-58 0.000000000000000000e+00 1.627253323544647644e-58 0.000000000000000000e+00 1.015044045886393760e-35 0.000000000000000000e+00 0.000000000000000000e+00 0.000000000000000000e+00
# (N0,N1,mut) (N0,Mouse_Lemur,mut) (N1,N2,mut) (N1,Tarsier,mut) (N2,N3,mut) (N2,Marmoset,mut) (N3,N6,mut) (N3,N4,mut) (N6,N7,mut) (N6,Gibbon,mut) (N4,N5,mut) (N4,Vervet,mut) (N7,N8,mut) (N7,Orangutan,mut) (N5,Babbon,mut) (N5,Macaque,mut) (N8,Human,mut) (N8,Gorilla,mut) (N0,N1,1->2) (N0,Mouse_Lemur,1->2) (N1,N2,1->2) (N1,Tarsier,1->2) (N2,N3,1->2) (N2,Marmoset,1->2) (N3,N6,1->2) (N3,N4,1->2) (N6,N7,1->2) (N6,Gibbon,1->2) (N4,N5,1->2) (N4,Vervet,1->2) (N7,N8,1->2) (N7,Orangutan,1->2) (N5,Babbon,1->2) (N5,Macaque,1->2) (N8,Human,1->2) (N8,Gorilla,1->2) (N0,N1,2->1) (N0,Mouse_Lemur,2->1) (N1,N2,2->1) (N1,Tarsier,2->1) (N2,N3,2->1) (N2,Marmoset,2->1) (N3,N6,2->1) (N3,N4,2->1) (N6,N7,2->1) (N6,Gibbon,2->1) (N4,N5,2->1) (N4,Vervet,2->1) (N7,N8,2->1) (N7,Orangutan,2->1) (N5,Babbon,2->1) (N5,Macaque,2->1) (N8,Human,2->1) (N8,Gorilla,2->1)
