# 1 2 3 4 5 6 7 8 9 10 11 12 13 14 15 16
2.083400727806872244e+00 3.264400164748239686e+00 1.314927033366904141e-01 1.222096183462981323e+00 1.189920446793717002e+00 2.203583994579891403e+00 2.168545366346350090e+00 1.173944300882062697e+00 1.143000724204079388e+00 1.123476374081933127e+00 5.629785290933211339e-01 9.870858450377197058e-02 8.581462215069123045e-02 8.867205471304887010e-02 1.104368446093764861e-01 2.190131413973731789e+00
1.604011958288243944e+00 2.358976425197535143e+00 3.333017950885980962e+00 2.318665876175645124e+00 1.281674898763202508e+00 2.355621389294375589e+00 2.293428652743580543e+00 2.341877464208589554e+00 1.221543780788156841e+00 1.247039664394418157e+00 1.265548455433171737e+00 1.685919324378839235e-01 1.465792526638552695e-01 1.522474555489841674e-01 1.884201970810158167e-01 2.286872748808066458e+00
1.005707699496005025e+00 4.149237178678858995e-01 1.805266132578506365e-03 4.276377246524443870e-02 4.218158722074030406e-03 1.002379742140047797e-02 9.323568056029209877e-03 5.201370732899592876e-03 5.957624847673737532e-03 2.014551438767782643e-01 5.929189742022211718e-01 1.841557910056651525e-03 1.579299888714618761e-03 1.597631534521750394e-03 2.094684595395467173e-03 1.046744515012773546e-02
1.575646895808140213e+00 8.716928310855296402e-01 7.086130972637130071e-03 4.954145061228348301e-01 8.204835555093352092e-03 1.026936313823962992e-02 1.055785273423649230e-02 8.260002913895902327e-03 8.881695790993083747e-03 4.383760539940245171e-01 2.277640674961970424e-01 7.520833342049736830e-03 6.560367818232524378e-03 6.714476431080599640e-03 8.391325968434251020e-03 1.213633112501409997e-02
8.306612916698109959e-09 3.681170737510822877e-09 1.147103074840228517e-11 4.199174508041296484e-08 2.065154389809077395e-11 3.745026006358346588e-08 6.217080919745614059e-11 3.272286083853074000e-11 4.036408707598681178e-11 1.583259435842979179e-09 2.064914414325070642e-09 1.361918216010113237e-11 1.086431963621527349e-11 1.030741367802613374e-11 1.688268658787015957e-11 7.463547945293954125e-11
7.589833549197056795e-04 1.107418351906399407e-03 1.004520941273129818e-03 1.005907297985291216e+00 9.893268613259959942e-04 1.005231477026996556e+00 9.528329962953451882e-04 9.170321524902379099e-04 9.545623385636081920e-04 1.104339066414915206e-03 1.035919638098618378e-03 1.080556269114164858e-03 9.465518066956892093e-04 9.657552438605636856e-04 1.200736685127859384e-03 1.121354484494012805e-03
1.981893528167421592e-01 1.983128211546711372e-01 2.194406166979432915e-01 2.188933302719010543e-01 2.170416471215619592e-01 2.088041142329603028e-01 2.205104398808807320e-01 2.032969227770531073e-01 2.238311398931179530e-01 1.869853390252174397e-01 1.963053278257448075e-01 1.890722602142203557e-01 1.876387798712307320e-01 2.070236602009432603e-01 1.921363215847018968e-01 1.823903104545121778e-01
1.581705776702874378e+00 8.738300245284794654e-01 7.087825486382186117e-03 5.001258254858731434e-01 8.206151595174213803e-03 1.024883048212696379e-02 1.056107572050338748e-02 8.243739180610935857e-03 8.883564107676924712e-03 4.425722150453242354e-01 2.232657571583371858e-01 7.519426326212274268e-03 6.558866727952389342e-03 6.713839999189698086e-03 8.390522274870033936e-03 1.212526473082901381e-02
1.995694868994898174e-16 2.369695325962964660e-16 2.969178655327653383e-16 3.424107469065366278e-16 3.955945516934897161e-16 4.638755682474803835e-16 4.259776571989131897e-16 2.639552920380969560e-16 1.359380255698017327e-16 4.066566943405205058e-16 2.114773922377030470e-16 3.639052627349589624e-16 2.900399936203423056e-16 3.363614313031173037e-16 2.435723470325007175e-16 3.362500770519864434e-16
4.754688719587214323e-16 4.594429093199033865e-16 4.441318688232719050e-16 6.215726627502850298e-16 4.441865062738142943e-16 4.698198304096222779e-16 4.444390598840091973e-16 4.446434632119596192e-16 4.443562912550987666e-16 6.717649017174502765e-16 4.470534289792514700e-16 4.441816707825073669e-16 4.441914241317698916e-16 4.441553976363149116e-16 6.662243190638950689e-16 6.667162241424105784e-16
2.374046198468983474e-17 2.586717893292655364e-16 3.115292809829451299e-16 3.743394882529178171e-16 3.510270893468160095e-16 2.608206143583854098e-16 3.488936584024696625e-16 3.823251609884205039e-16 4.190669369187539562e-16 1.956760420047597098e-16 3.976605976427902115e-16 2.650068073746812844e-16 4.875470555014689594e-16 3.461038048039732406e-16 3.515238296028245987e-16 4.436983663260975066e-16
2.665042184552537385e-01 4.155799838409190428e-01 1.438542043487546884e+00 1.454527920156764909e+00 2.628898164781795721e+00 2.513273306338336788e+00 3.625256116089514702e+00 2.595693673440075511e+00 2.444325010562539813e+00 2.540936255837704660e+00 2.524744358508566933e+00 3.653991647466438675e+00 3.503669241773474052e+00 3.633665876285614438e+00 1.510379503354672970e+00 2.489868690470194768e+00
9.903127601032478377e-13 1.203373363070730513e-13 1.281864264843223537e-12 3.263344160404471292e-13 2.948437161700648263e-13 1.760366385496039487e-13 1.937979885461351204e-13 3.096491537710149460e-13 3.292215238751586223e-13 2.940825056511332300e-13 6.419858705297129264e-13 7.210461922042068020e-13 7.243163049423222418e-13 8.114919572174646959e-13 7.508587777488361782e-13 1.510563501587084167e-13
1.845850220574927827e-12 3.452585153514498835e-13 1.763170144509934404e-13 2.702349368859887623e-13 5.101382907530219599e-13 2.949571648353726672e-13 3.238503443786441640e-13 2.497745008546880309e-13 5.749332419503636746e-13 4.696968902802457521e-13 5.025786130525692426e-13 1.270383441314274248e-12 1.280183604292303168e-12 1.445497706788336997e-12 1.318205449522099524e-12 2.589469997847983989e-13
3.631192869341514755e-13 1.178420663475854961e-18 1.896213436266782300e-14 6.334455825062785391e-15 7.140013362616265494e-16 5.589549085215465298e-18 1.082538311610024783e-17 1.486392286781057870e-15 1.550842230297785885e-15 1.840724013508803341e-15 4.849605240144365883e-15 1.515483440694021303e-14 1.462517071157659851e-14 1.575656761509404879e-14 1.639214804512608274e-14 7.981548052599904638e-18
5.091198975119076743e-14 1.619415907602290106e-17 3.303227995680388154e-14 8.502765572526416114e-15 6.111985189100924402e-15 4.618158358184919888e-17 8.156165012843929227e-16 1.217087937428823485e-14 1.235276783136810663e-14 1.275018251795020132e-14 2.820785274807258613e-14 2.756218882946504198e-14 2.716306937035395789e-14 2.961977129099759928e-14 2.865851230853692089e-14 2.402667746189201763e-16
1.340644066017772810e-29 7.997230042008978632e-61 1.725688467750126770e-22 1.108006425621878053e-28 6.807212513245665810e-34 2.154132759003350182e-42 3.135101824437611681e-44 1.237617145475538646e-33 2.011684895688651971e-33 2.621396577728133070e-32 1.777017286666950886e-31 1.749114080424678034e-22 1.519266412635091189e-22 1.512838889131333470e-22 2.033306553545271008e-22 4.774470669165783050e-44
1.481147976141777737e-15 5.429083507134571345e-26 8.532102434221837916e-15 9.001902837177353683e-14 5.084968955044074707e-16 6.893067168722762291e-25 5.788379905861749709e-26 1.260058197922259826e-15 1.149243129760982189e-15 1.119202281645562179e-15 1.012855531433816296e-15 7.241026642578703330e-15 7.234872323724215032e-15 7.956775417607982758e-15 7.631364994368997368e-15 4.740299705093743983e-26
3.816087318654208624e-13 4.014127525595873940e-13 4.123566008175880797e-14 3.992210624803168948e-13 3.979234722064999205e-13 4.011988271663259701e-13 4.008873365379334109e-13 3.970667591017437733e-13 3.957194602871635705e-13 3.872234475150066243e-13 1.131579789406492090e-13 3.554691270480025126e-14 3.560865357096133770e-14 3.860411986190708767e-14 3.706685329896425265e-14 4.014302856352609072e-13
2.357413347424410293e-14 1.433202869277355657e-18 9.548474700169474881e-14 1.356730607495320032e-15 2.304235826037786466e-15 1.001327100393054954e-17 2.438434422877577679e-17 4.444075311728471040e-15 4.632350312258391595e-15 5.116554746178820704e-15 8.859255647853299471e-14 7.964667239215103565e-14 7.953264952745716446e-14 8.823969530165105365e-14 8.330416445511967131e-14 1.760221586363076328e-17
1.202040477942534373e-46 0.000000000000000000e+00 3.938715105210795571e-31 1.816490512429006642e-45 2.362290111714390192e-50 4.514282775447694533e-68 1.491972494011574946e-69 1.166118288645785871e-49 1.891979892322974162e-50 2.445538507440332634e-49 7.550653836337778593e-49 4.672555573361268377e-31 3.785843402605017712e-31 3.503378833870011327e-31 5.894137072718287460e-31 8.116274549777810972e-69
1.294134014576485828e-46 0.000000000000000000e+00 7.250246506167745191e-31 3.727558647176421917e-45 1.776086054037662654e-50 1.197889105121580588e-67 4.757942138348917434e-69 1.025662344798972688e-49 6.976915407758948698e-50 6.718358446085180105e-49 1.980961884670634232e-48 1.880133864734169015e-30 2.037365337696767359e-30 1.468303944001421144e-30 1.328156492909100497e-30 1.334003216073762246e-68
1.399738747149485793e-45 0.000000000000000000e+00 2.643337255095626965e-27 4.574111815676655621e-44 6.990628346115332396e-44 2.950302484832551894e-61 1.248228965105645860e-59 1.190709277427488098e-43 1.193534590579431143e-43 1.231371617894512631e-43 1.244566601618859820e-43 7.198163593984659446e-27 6.945242077449880105e-27 7.256802692654685366e-27 2.497654938262712601e-27 6.670267695715392163e-61
6.434880656837748697e-13 5.061547054719351014e-15 1.276919397130905095e-12 3.422885868267178359e-13 2.839516333722082034e-11 1.322902080005735311e-13 1.420728061428789836e-12 3.075764011412802863e-11 1.516066803831355186e-12 2.378590263967398026e-13 2.732293700620122905e-12 4.000118825474557670e-13 4.202258380173577897e-13 4.172802979835893198e-13 1.202875704092478465e-12 1.374252490548401631e-11
9.902122152489127673e-13 1.205217680287297186e-13 1.281864279853094702e-12 3.263344246690034695e-13 2.948442187205493568e-13 1.760343620736990389e-13 1.937969138740105880e-13 3.096488264084724747e-13 3.292185624258222483e-13 2.941402372534705744e-13 6.419860204123965474e-13 7.210461832275463642e-13 7.243163064910924279e-13 8.114919715463199410e-13 7.508587560626597293e-13 1.510958755464384703e-13
1.845848648138844716e-12 3.452525823187713663e-13 1.763169202082155815e-13 2.702350433077787979e-13 5.101382806934624458e-13 2.949617504683904541e-13 3.238503581570655404e-13 2.497744775748901728e-13 5.749326790826271425e-13 4.697006634387930323e-13 5.025423695748749188e-13 1.270383463236071055e-12 1.280183606157026359e-12 1.445497706786860754e-12 1.318205468578037818e-12 2.589469953897116400e-13
3.516814780747947382e-13 2.269296864113766998e-17 1.896213436558591415e-14 8.986182357354632246e-16 8.554555881765445724e-16 1.018131835807857457e-17 5.578674514335643700e-18 7.429110496274750162e-16 1.358063481776941323e-15 2.032163517461252601e-14 4.828021052574649233e-15 1.515483153980129688e-14 1.462517071105313250e-14 1.575656303764193465e-14 1.639213885846539098e-14 8.450981608850990227e-18
5.376177757488896369e-12 1.844788217750942641e-15 3.303228337751945034e-14 5.470573641616144269e-15 7.399838414337514854e-15 2.610333245497638175e-16 2.324165664323230263e-16 5.921448352706327269e-15 1.122730945871727894e-14 2.362937844188849096e-13 6.075891955085564757e-12 2.756219416274381988e-14 2.716307513764090170e-14 2.961976794944342715e-14 2.865850870554971355e-14 2.382750613110603489e-16
6.926116460205429884e-30 5.772595967278558929e-60 1.725689013255779148e-22 9.597634802557558980e-32 6.949866442916263674e-34 4.891957366742771358e-41 3.346820138548832148e-44 1.308943294605656226e-33 1.899643146755527404e-33 1.318958080472496797e-31 1.416638954118523533e-31 1.749114080424677329e-22 1.519266412635091189e-22 1.512838889131332060e-22 2.033306553545271714e-22 3.741646721327547741e-40
8.640026587126602080e-16 5.429083589969263637e-26 8.532102434221837916e-15 8.037413307478208878e-16 6.356211193868878951e-16 7.200174623749248969e-16 3.331515431835082268e-26 6.300290987963862723e-16 1.021549448560465818e-15 1.119202410060164137e-15 3.798208354348404683e-16 7.241026642578701752e-15 7.234872323724129835e-15 7.956775417607891251e-15 7.631364994368997368e-15 4.214689001880380432e-26
3.816087318654208624e-13 4.014127525595873940e-13 4.123566008175880797e-14 3.992210624803168948e-13 3.979234722064999205e-13 4.011988271663259701e-13 4.008873365379334109e-13 3.970667591017437733e-13 3.957194602871635705e-13 3.872234475150066243e-13 1.131579789406492090e-13 3.554691270480025126e-14 3.560865357096133770e-14 3.860411986190708767e-14 3.706685329896425265e-14 4.014302856352609072e-13
9.088641000602335016e-13 1.498632893351568622e-16 9.548471094204485492e-14 9.051302872000809263e-16 2.764317519780113674e-15 2.054263410614098438e-17 1.120893794590761557e-17 2.268150757357730364e-15 4.134445017471544673e-15 8.594518075576580395e-14 6.716565846539461991e-12 7.964667241058220903e-14 7.953271898833816128e-14 8.823969531929422441e-14 8.330414631157653737e-14 1.675276494911167008e-17
4.671260470370197165e-47 0.000000000000000000e+00 3.938714636213450422e-31 7.118955602255204479e-49 1.869227127367014981e-50 1.719716395118161095e-66 2.429076386814083418e-69 1.275201175852854150e-49 2.111669229809795520e-50 1.467497990528083222e-48 8.999276054243130641e-49 4.672552533181844949e-31 3.785839053820675761e-31 3.503393024727940900e-31 5.894113781521154238e-31 1.076253936636543516e-68
4.890625550197067199e-47 0.000000000000000000e+00 4.793780285455726762e-31 7.419044122429945176e-49 1.281674698615576782e-50 1.569640454157546666e-66 1.697299047041613802e-69 7.907272397945533358e-50 1.778032550490838341e-50 1.582768447286051005e-48 7.985146584153081850e-49 5.729352779807158934e-31 4.595924891719881940e-31 4.228945968113553662e-31 7.348674349315122753e-31 7.021845224352559099e-69
7.896970622242299656e-46 0.000000000000000000e+00 4.146113819494164872e-28 9.134927909450731446e-46 6.821305028025511313e-45 2.899319672212773414e-62 2.708939954022647234e-62 1.086436951903152151e-44 2.360492726208709288e-45 1.724917700029491672e-45 2.396773144536577456e-45 4.150616178658816270e-28 3.644689855064538064e-28 3.802338532512077141e-28 4.763258882530820646e-28 1.304706113496185987e-61
3.654441152246328794e-13 7.311123523483507722e-15 1.276919397130905095e-12 2.410425851512393108e-13 7.398817739151304007e-13 6.040487468116974788e-14 3.087150740404233654e-14 7.082399082571830042e-13 3.533097174774084015e-13 2.511292679370481594e-13 2.442121978763609312e-13 4.000118825474557670e-13 4.199358270870490729e-13 4.172802979835893198e-13 1.202875704092478465e-12 2.482326944722702744e-13
# (N1,N2,mut) (N1,Marmoset,mut) (N2,N4,mut) (N2,N3,mut) (N4,N5,mut) (N4,Gibbon,mut) (N3,Baboon,mut) (N3,Macaque,mut) (N5,N6,mut) (N5,Orangutan,mut) (N6,Human,mut) (N6,Gorilla,mut) (N1,N2,1->2) (N1,Marmoset,1->2) (N2,N4,1->2) (N2,N3,1->2) (N4,N5,1->2) (N4,Gibbon,1->2) (N3,Baboon,1->2) (N3,Macaque,1->2) (N5,N6,1->2) (N5,Orangutan,1->2) (N6,Human,1->2) (N6,Gorilla,1->2) (N1,N2,2->1) (N1,Marmoset,2->1) (N2,N4,2->1) (N2,N3,2->1) (N4,N5,2->1) (N4,Gibbon,2->1) (N3,Baboon,2->1) (N3,Macaque,2->1) (N5,N6,2->1) (N5,Orangutan,2->1) (N6,Human,2->1) (N6,Gorilla,2->1)
