# 1 2 3 4 5 6 7 8 9 10 11 12 13 14 15 16
1.222636121891833128e+00 1.918686607620099793e-01 1.217098229564901546e+00 2.170440377297645218e-01 2.265631014776206542e-01 1.613086664747498122e-01 1.991080951563060364e-01 1.555578780576574172e-01 2.126711193505070041e-01 1.918686607620099793e-01 1.233905662452092544e+00 2.207331811344086792e-01 2.226129721797936167e-01 2.095713488330133711e-01 2.204188375520946819e-01 1.692959078958917729e-01
1.682908057062394477e-06 2.639876179556353377e-07 1.752569418644474530e-06 3.054166542071806359e-07 3.103994629833108414e-07 2.246653030250283886e-07 2.745840035918402140e-07 2.112554457308038218e-07 2.935151372099401721e-07 2.639876179556353377e-07 1.595094796856275511e-06 3.030446805095950607e-07 3.046616843815746815e-07 2.870062632389471709e-07 3.024322375645695920e-07 2.370833938025479703e-07
3.778608961643937741e-30 8.267773016372839890e-31 7.262319997886387500e-30 7.807487539895208690e-31 6.564404433053750440e-31 6.509130739710242311e-31 8.492174537345424885e-31 5.810772980221645297e-31 7.856179953506953812e-31 8.267773016372839890e-31 6.526633292192576716e-30 6.063740453842193013e-31 6.866310963792251260e-31 7.425009247015690816e-31 7.677534707743465744e-31 9.626164803295281027e-31
2.773198248107804468e-30 6.058440916747113066e-31 5.340667908779904139e-30 5.731544756933241091e-31 4.810224463808025559e-31 4.777954560129537955e-31 6.225298750103188175e-31 4.251714039018365750e-31 5.755135083317973599e-31 6.058440916747113066e-31 7.940032601406573183e-30 4.440272624674157235e-31 5.032373942032313260e-31 5.444470032043424621e-31 5.624765534813341595e-31 7.068758307619916246e-31
6.281437942290095389e-02 5.482340190701640720e-02 5.169413529666153778e-02 6.264864331761565985e-02 6.510590057154652666e-02 4.626463410765613293e-02 5.695054692840317151e-02 4.434797247045958735e-02 6.102078625204890999e-02 5.482340190701640720e-02 1.077718922386233347e+00 6.350286620331961618e-02 6.389509168459360511e-02 6.002120157599698941e-02 6.320292893955381519e-02 4.829919917213174041e-02
2.369167559077450413e-30 9.328062184738312983e-31 4.013957890564465362e-30 8.856318653219713413e-31 7.444902098375028621e-31 7.376129339850144497e-31 9.567473675826389020e-31 6.537618589099032895e-31 8.866132594642362601e-31 9.328062184738312983e-31 2.001341419791442094e-29 6.861318351307594556e-31 7.788631833879591691e-31 8.401641274254178878e-31 8.686784503341035107e-31 1.085548749764304144e-30
2.161615653277716431e-01 1.920226635707711627e-01 1.803672095907911110e-01 2.167426616838137310e-01 2.283419778789080867e-01 1.622088522257432996e-01 1.989725408877591195e-01 1.573626168716169282e-01 2.130160032740158749e-01 1.920226635707711627e-01 2.086614981606892683e-01 2.223461633581779451e-01 2.243159597351049028e-01 2.107565339492856737e-01 2.213222665089024099e-01 1.678240026389192785e-01
3.395818166214178479e-30 1.177562269184766550e-30 5.958059741504793306e-30 1.112778008942133128e-30 9.390200272627754113e-31 9.271471064043562237e-31 1.207130299843120494e-30 8.282438384823044634e-31 1.119880843460048526e-30 1.177562269184766550e-30 8.505138290594207234e-30 8.669951749766281559e-31 9.819733291459324885e-31 1.058671023108472633e-30 1.096554618400466071e-30 1.364500753192085008e-30
1.360367328171643484e-30 1.238054162554309586e-30 1.346365370114311289e-30 1.176410778551188182e-30 9.906496497129408853e-31 9.788824968228513898e-31 1.269310901643762600e-30 8.687116341495728186e-31 1.177946113845204979e-30 1.238054162554309586e-30 3.524219660180338696e-29 9.147701047676322013e-31 1.035801056762555451e-30 1.115285858792653895e-30 1.154779188048162892e-30 1.437897384614568452e-30
2.283526502637282178e-30 2.067921783689288799e-30 2.255552840474799790e-30 1.972403387519667006e-30 1.656045070681664917e-30 1.640561538268291956e-30 2.121146616022519788e-30 1.447135936867821774e-30 1.966842505656320304e-30 2.067921783689288799e-30 5.923587186847504178e-29 4.225200347556915205e-30 1.070278520252323451e-29 1.865505739954364060e-30 1.929064869999649012e-30 2.409811881729992309e-30
4.198360711919363331e-02 3.650699989533634504e-02 3.444238188483161878e-02 4.184295666731477348e-02 4.337816923979437300e-02 3.084605147436746131e-02 3.793582846351624405e-02 2.949349008753562179e-02 4.066840434900762663e-02 3.650699989533634504e-02 3.808348806769120548e-02 1.029969728679841046e+00 2.031633543805107411e+00 3.996902135580202714e-02 4.210201700679066378e-02 3.219261385563594591e-02
4.038684545323279275e-30 3.655137436475379923e-30 3.983029473147370826e-30 3.488133968935337650e-30 2.933348530891461144e-30 2.901174383200116800e-30 3.744161400441782086e-30 2.557097923092177580e-30 3.476702159997055197e-30 3.655137436475379923e-30 2.715831399031862501e-29 1.472778939197556716e-29 4.243495210497972223e-29 3.300290378220593680e-30 3.414334263836992766e-30 4.249250684381873565e-30
5.804188319500304116e-01 9.239934582470035740e-02 5.718911284908544390e-01 1.048111915038219544e-01 1.093624793959081243e-01 7.776269228880766660e-02 9.595594327404263768e-02 7.501283875302083848e-02 1.025783781248528481e-01 9.239934582470035740e-02 5.770003365481974900e-01 1.068257053393127376e-01 1.073374440362871718e-01 1.010049489914410376e-01 1.062402010728114438e-01 8.137225002975707888e-02
8.256847108860391372e-07 1.298401290776799040e-07 8.623458109268400048e-07 1.506765316856957885e-07 1.534851796485946361e-07 1.106383062927871682e-07 1.350838293069752574e-07 1.041130874484983987e-07 1.447105680655048686e-07 1.298401290776799040e-07 7.852910996662786863e-07 1.499424735555488746e-07 1.505371925268415511e-07 1.415668897012968597e-07 1.492127005732017251e-07 1.160453312007655631e-07
3.454208150566417553e-28 5.101489636159158969e-29 3.223818585412190370e-28 5.917001189229916614e-29 6.028775320640307255e-29 4.345089030236921108e-29 5.307048556587546426e-29 4.090943652401027183e-29 5.685408236974426635e-29 5.101489636159158969e-29 3.030520133000440997e-28 5.889556014462615461e-29 5.914964056052954737e-29 5.562201960433181885e-29 5.862835746573185822e-29 4.557395487078014503e-29
2.534677639734365768e-28 3.739784023298322991e-29 2.370174081882556057e-28 4.341681818269091039e-29 4.415468526087886057e-29 3.187407545288244017e-29 3.890750724511319988e-29 2.995782561408878214e-29 4.167205783973016998e-29 3.739784023298322991e-29 4.178696496795852362e-28 4.313112779310961125e-29 4.332632431037835109e-29 4.075189477399674030e-29 4.295689175636885164e-29 3.346667334086878542e-29
3.048157218405027694e-02 2.657308396326598168e-02 2.502180586862641845e-02 3.045101911881265000e-02 3.165826837291352974e-02 2.244606934700029560e-02 2.762112185918982540e-02 2.152688359203800209e-02 2.963065572158179312e-02 2.657308396326598168e-02 5.113803113603673234e-01 3.094015783068603670e-02 3.103744220863104489e-02 2.913288096329578331e-02 3.068047085924738293e-02 2.334482641433582167e-02
2.006363675738668112e-28 5.695727543354883954e-29 1.831375152028221921e-28 6.643214776928562506e-29 6.745083428537346344e-29 4.867474794588885188e-29 5.927488773035329547e-29 4.563295836639125015e-29 6.358848445557543286e-29 5.695727543354883954e-29 1.198421829111909736e-27 6.591692055685962224e-29 6.614011394465367475e-29 6.214362256977766379e-29 6.552983615978868835e-29 5.091421832732729372e-29
7.549795419549827635e-02 6.629908684757310211e-02 6.255915232133624215e-02 7.549886487978645089e-02 7.853586038214226128e-02 5.648134238110416594e-02 6.879086767549526249e-02 5.428894812727570740e-02 7.359595849489383723e-02 6.629908684757310211e-02 7.209998233306426363e-02 7.673387220594471425e-02 7.710256284470044796e-02 7.254998412546910525e-02 7.616475931899213681e-02 5.844958346223894097e-02
2.940034712455756365e-28 7.196970133298442931e-29 2.697309485122261930e-28 8.369689620093001567e-29 8.536510927228013735e-29 6.138344997724827917e-29 7.488327410812126135e-29 5.779828205087675537e-29 8.034977984945367911e-29 7.196970133298442931e-29 4.557061770906035961e-28 8.343379512676120966e-29 8.369555372309220231e-29 7.861163717652010886e-29 8.287715794317167159e-29 6.409647488908289383e-29
8.989128334761481072e-29 7.628518310299857974e-29 7.237091110090857601e-29 8.909681740617840661e-29 9.064312835147802214e-29 6.522259745918234272e-29 7.939211168038845095e-29 6.123075361079605548e-29 8.529796695205044577e-29 7.628518310299857974e-29 1.522281638097596730e-27 8.862130833856699325e-29 8.884672759341257688e-29 8.338100247771887755e-29 8.794180512586724695e-29 6.792769392505226155e-29
1.508447956965000816e-28 1.275436446451189299e-28 1.211662992657005451e-28 1.493107356001575562e-28 1.513989569944008922e-28 1.092137333299908127e-28 1.327592285482983474e-28 1.022011336142237965e-28 1.426271029391882817e-28 1.275436446451189299e-28 2.558225662601841915e-27 6.694999380673382034e-28 2.306482661503389593e-27 1.393060944500636979e-28 1.469523412708267197e-28 1.138588138896667007e-28
2.041891091903576608e-02 1.773506695779889994e-02 1.670653635302260520e-02 2.038485341266381423e-02 2.114754047169511639e-02 1.499963811263563089e-02 1.843962339470070141e-02 1.434982061091131730e-02 1.979429645578350064e-02 1.773506695779889994e-02 1.849824178331055044e-02 1.230549646053072550e-02 8.535637824756619335e-03 1.944823163853254960e-02 2.048855705964201801e-02 1.559019019207680788e-02
2.636557516858752621e-28 2.225201564014932097e-28 2.114193212685157112e-28 2.609441153103263672e-28 2.643912313889570541e-28 1.907450985192713844e-28 2.316541013731157368e-28 1.783021263119405767e-28 2.489831328884069333e-28 2.225201564014932097e-28 1.217065895216760759e-27 2.583105763006448943e-27 7.709605562770918525e-27 2.431162274789979825e-28 2.564857169718790463e-28 1.986481193890357955e-28
5.804188319500304116e-01 9.239934582470035740e-02 5.718911284908544390e-01 1.048111915038217878e-01 1.093624793959081243e-01 7.776269228880766660e-02 9.595594327404263768e-02 7.501283875302083848e-02 1.025783781248528481e-01 9.239934582470035740e-02 5.770003365481974900e-01 1.068257053393127376e-01 1.073374440362871718e-01 1.010049489914410376e-01 1.062402010728114438e-01 8.137225002975707888e-02
8.256847108860391372e-07 1.298401290776799040e-07 8.623458109268400048e-07 1.506765316856957885e-07 1.534851796485946361e-07 1.106383062927871682e-07 1.350838293069752574e-07 1.041130874484983987e-07 1.447105680655048686e-07 1.298401290776799040e-07 7.852910996662786863e-07 1.499424735555488746e-07 1.505371925268415511e-07 1.415668897012968597e-07 1.492127005732017251e-07 1.160453312007655631e-07
3.454208150566416208e-28 5.101489636159158969e-29 3.223818585412190370e-28 5.917001189229916614e-29 6.028775320640307255e-29 4.345089030236921108e-29 5.307048556587546426e-29 4.090943652401027183e-29 5.685408236974427756e-29 5.101489636159158969e-29 3.030520133000440997e-28 5.889556014462615461e-29 5.914964056052955858e-29 5.562201960433180764e-29 5.862835746573185822e-29 4.557395487078013382e-29
2.534677639734365768e-28 3.739784023298323551e-29 2.370174081882556057e-28 4.341681818269090478e-29 4.415468526087886057e-29 3.187407545288244578e-29 3.890750724511319988e-29 2.995782561408878214e-29 4.167205783973016998e-29 3.739784023298323551e-29 4.178696496795852362e-28 4.313112779310961125e-29 4.332632431037835109e-29 4.075189477399674030e-29 4.295689175636884604e-29 3.346667334086877982e-29
3.048157218405027694e-02 2.657308396326598168e-02 2.502180586862641845e-02 3.045101911881251122e-02 3.165826837291352974e-02 2.244606934700029560e-02 2.762112185919050195e-02 2.152688359203800209e-02 2.963065572158179312e-02 2.657308396326598168e-02 5.113803113603674344e-01 3.094015783068603670e-02 3.103744220863104489e-02 2.913288096329591861e-02 3.068047085924779926e-02 2.334482641433582167e-02
2.006363675738667215e-28 5.695727543354883954e-29 1.831375152028221473e-28 6.643214776928562506e-29 6.745083428537346344e-29 4.867474794588885188e-29 5.927488773035329547e-29 4.563295836639125015e-29 6.358848445557544407e-29 5.695727543354883954e-29 1.198421829111909736e-27 6.591692055685962224e-29 6.614011394465367475e-29 6.214362256977766379e-29 6.552983615978867714e-29 5.091421832732727130e-29
7.549795419549827635e-02 6.629908684757310211e-02 6.255915232133624215e-02 7.549886487978645089e-02 7.853586038214226128e-02 5.648134238110416594e-02 6.879086767549526249e-02 5.428894812727570740e-02 7.359595849489383723e-02 6.629908684757310211e-02 7.209998233306426363e-02 7.673387220594471425e-02 7.710256284470044796e-02 7.254998412546910525e-02 7.616475931899213681e-02 5.844958346223894097e-02
2.940034712455755468e-28 7.196970133298442931e-29 2.697309485122261930e-28 8.369689620093001567e-29 8.536510927228013735e-29 6.138344997724827917e-29 7.488327410812126135e-29 5.779828205087674416e-29 8.034977984945369032e-29 7.196970133298442931e-29 4.557061770906035064e-28 8.343379512676120966e-29 8.369555372309220231e-29 7.861163717652010886e-29 8.287715794317167159e-29 6.409647488908289383e-29
8.989128334761481072e-29 7.628518310299857974e-29 7.237091110090857601e-29 8.909681740617840661e-29 9.064312835147802214e-29 6.522259745918233151e-29 7.939211168038845095e-29 6.123075361079605548e-29 8.529796695205044577e-29 7.628518310299857974e-29 1.522281638097596730e-27 8.862130833856703809e-29 8.884672759341230783e-29 8.338100247771887755e-29 8.794180512586723574e-29 6.792769392505225034e-29
1.508447956965001040e-28 1.275436446451189299e-28 1.211662992657005675e-28 1.493107356001575562e-28 1.513989569944008922e-28 1.092137333299908127e-28 1.327592285482983474e-28 1.022011336142237965e-28 1.426271029391882817e-28 1.275436446451189299e-28 2.558225662601841915e-27 1.396109729161658523e-28 1.361834812648577930e-28 1.393060944500636979e-28 1.469523412708266973e-28 1.138588138896666783e-28
2.041891091903576608e-02 1.773506695779889994e-02 1.670653635302260520e-02 2.038485341266381423e-02 2.114754047169511639e-02 1.499963811263563089e-02 1.843962339470070141e-02 1.434982061091131730e-02 1.979429645578325778e-02 1.773506695779889994e-02 1.849824178331055044e-02 1.230549646053084346e-02 8.535637824756619335e-03 1.944823163853254960e-02 2.048855705964201801e-02 1.559019019207680788e-02
2.636557516858752621e-28 2.225201564014932097e-28 2.114193212685157561e-28 2.609441153103263224e-28 2.643912313889570541e-28 1.907450985192713844e-28 2.316541013731157368e-28 1.783021263119405767e-28 2.489831328884069781e-28 2.225201564014932097e-28 1.217065895216760759e-27 2.222418582964488578e-28 2.060940615593658209e-28 2.431162274789979825e-28 2.564857169718790015e-28 1.986481193890357507e-28
# (N1,N2,mut) (N1,Marmoset,mut) (N2,N4,mut) (N2,N3,mut) (N4,N5,mut) (N4,Gibbon,mut) (N3,Baboon,mut) (N3,Macaque,mut) (N5,N6,mut) (N5,Orangutan,mut) (N6,Human,mut) (N6,Gorilla,mut) (N1,N2,1->2) (N1,Marmoset,1->2) (N2,N4,1->2) (N2,N3,1->2) (N4,N5,1->2) (N4,Gibbon,1->2) (N3,Baboon,1->2) (N3,Macaque,1->2) (N5,N6,1->2) (N5,Orangutan,1->2) (N6,Human,1->2) (N6,Gorilla,1->2) (N1,N2,2->1) (N1,Marmoset,2->1) (N2,N4,2->1) (N2,N3,2->1) (N4,N5,2->1) (N4,Gibbon,2->1) (N3,Baboon,2->1) (N3,Macaque,2->1) (N5,N6,2->1) (N5,Orangutan,2->1) (N6,Human,2->1) (N6,Gorilla,2->1)
