-7.012832461028025710e-01
-5.518679930697090175e-01
-6.160382192121298672e-01
9.539121803235711683e-01
-9.202487445809890421e-01
3.364722366212128946e-01
2.883200883332108222e-01
-9.000000000000000000e+00
-2.042528510020330756e+00
-1.814411731367423508e+00
-3.508188506228264281e+00
-2.171884169984701352e+00
-3.430970458331199513e+00
-3.775871607019350318e+00
-5.295434588609113646e+00
-3.315768865397945131e+00
-3.775871607019158915e+00
-2.302585092994045457e+00
-4.927839080804955252e+00
-3.080119464909619964e+00
-2.302585092994045457e+00
-3.775871607019349874e+00
-3.472322752232918308e+00
-3.655529032974696335e+00
