-6.413914508806981551e-01
-7.914514732669151176e-01
-4.849682793419757276e-01
9.110578718978572521e-01
-2.373412276903304363e+00
-1.749174357956996939e+00
-4.418878769001731432e-02
-9.000000000000000000e+00
-3.716075178999415751e+00
-7.544431740744512727e-01
-3.526837554144463205e+00
-3.339230476394714486e+00
-5.055473965930577407e+00
-4.736691783465453831e+00
-4.705963038759692019e+00
-3.989057749399042230e+00
-4.736691783466497441e+00
-2.302585092994045457e+00
-3.743718680066422166e+00
-1.441729632165780295e+01
-2.302585092994045457e+00
-4.736691783466812744e+00
-4.866993963589285599e+00
-3.583787684562572018e+00
