-6.888938889290596723e-01
-6.051826383128446896e-01
-6.525990169301277843e-01
6.222192370807262396e-01
-1.681302002946126972e+00
-1.195569191826786692e+01
3.495681074202384719e-01
-9.000000000000000000e+00
-2.641640313809368035e+00
-2.234471878929448430e+00
-3.942419170334965361e+00
-3.129467813259490416e+00
-5.338682725697952769e+00
-3.696764755626930299e+00
-5.709878486647371965e+00
-3.889259809612517937e+00
-3.696764755626944066e+00
-2.302585092994045457e+00
-4.865122897945373559e+00
-4.633316002906775033e+00
-2.302585092994045457e+00
-3.696764755627394816e+00
-4.969729295373656264e+00
-4.969340940793877337e+00
