-6.353688890552527946e-01
-5.254622841681312329e-01
-7.791546802182660603e-01
8.564780877920753488e-01
-7.112371883311813248e-01
-1.185607920143115912e+01
3.830811043749980938e-01
-9.000000000000000000e+00
-2.191282759368201827e+00
-1.636917795469509329e+00
-3.376331454124628983e+00
-2.192974193733146393e+00
-4.183172986830009599e+00
-3.980267343538798297e+00
-5.404107832536213962e+00
-3.952932505311223199e+00
-3.980267343538639313e+00
-2.302585092994045457e+00
-4.539008933580785943e+00
-4.052587805173089031e+00
-2.302585092994045457e+00
-3.980267343538639313e+00
-4.046672417693195634e+00
-4.145445034003395257e+00
