-6.136092527981900080e-01
-4.359602405868585051e-01
-9.235561177178270853e-01
7.391701495731505256e-01
-1.022888820442690028e+00
3.364722366212128946e-01
-1.534923559849834737e-02
-4.461664507265996171e+00
-1.994604372092862121e+00
-2.342261731898301669e+00
-4.112889510024642981e+00
-2.157398059534970436e+00
-4.343754009884082556e+00
-4.876723217256335730e+00
-4.680484817973853851e+00
-3.673324949578692600e+00
-4.876723217256336618e+00
-2.302585092994045457e+00
-5.493964935253847770e+00
-3.824960679233991190e+00
-2.302585092994045457e+00
-4.876723217256322407e+00
-4.728499696014909937e+00
-2.479314512871390708e+00
