-6.641068441812219003e-01
-7.220822029747608894e-01
-6.714510472653959505e-01
6.185420864433244237e-01
-1.518057435097444507e+00
3.364722366212128946e-01
1.294606149169953979e-01
-9.000000000000000000e+00
-2.235768179500542630e+00
-1.577651762888104381e+00
-3.987607947372517447e+00
-1.809765901194550386e+00
-3.941803222559010500e+00
-4.100131520634228366e+00
-4.334697428715552192e+00
-4.014618492227414848e+00
-4.100131520634155535e+00
-2.302585092994045457e+00
-3.970309958591319965e+00
-3.747290974593190160e+00
-2.302585092994045457e+00
-4.100131520634153759e+00
-4.499452693940072301e+00
-2.722204163685159717e+00
