-6.419639395132239468e-01
-4.969925254598706599e-01
-6.659463307363822082e-01
6.793624992704269117e-01
-1.056119869049918947e+00
3.364722366212128946e-01
1.351472142235813911e-01
-9.000000000000000000e+00
-4.081556925301931038e+00
-4.769273605322770671e+00
-1.200126255816058674e+01
-1.897312658770887728e+00
-5.334574915599215927e+00
-3.043156198985092598e+00
-4.769273605322770671e+00
-2.302585092994045901e+00
-1.897312658770996086e+00
-2.302585092994045457e+00
-4.154696513435253813e+00
-5.255997460804269217e+00
-2.302585092994045901e+00
-4.769273605322770671e+00
-4.571842153369167328e+00
-4.564049935928917279e+00
