-5.924690948522900458e-01
-9.020784609051065717e-01
-4.724824451951829540e-01
6.611993002627679639e-01
-1.119860512223914473e+00
3.364722366212128946e-01
-9.084400882816950906e-01
-2.985771818934684907e-01
-3.386022457075323455e+00
-2.221688765542379151e+00
-1.627377045501106068e+01
-3.169292343810260260e+00
-3.993120974966433590e+00
-3.759011967496639350e+00
-4.426748485484544915e+00
-3.166083719206975733e+00
-1.633098097683928884e+01
-2.263752631544005300e+00
-4.428657142672963509e+00
-4.428896728136406225e+00
