-7.932162891719585218e-01
-7.682508618911969567e-01
-6.363801264460174911e-01
6.377619283535571615e-01
-2.581234701393626541e+00
3.364722366212128946e-01
3.697549105642506939e-01
-9.000000000000000000e+00
-2.405695881342477360e+00
-6.909728370556415200e+00
-5.152735583506979467e+00
-2.602405385386318493e+00
-4.857385286105134981e+00
-3.854273456500777240e+00
-1.332323206226860535e+01
-3.248348811585739959e+00
-3.854273456500770578e+00
-2.302585092994044569e+00
-1.335009332758076361e+01
-1.337803212898724148e+01
-2.302585092994044569e+00
-3.854273456501001949e+00
-3.766111037964436470e+00
-4.873494852609831618e+00
