-6.495490601025422084e-01
-7.290319259456150558e-01
-5.852776302906468331e-01
8.385356358255525722e-01
-7.965038829726893699e-01
3.364722366212128946e-01
1.946279069024644259e-01
-9.000000000000000000e+00
-2.781481706211668570e+00
-2.002572378918646478e+00
-7.003566541321362138e-01
-2.405641957019331478e+00
-3.478954711335658256e+00
-3.946188975679010724e+00
-4.403571187772637785e+00
-3.049959405178376048e+00
-3.946188975679010724e+00
-2.302585092994044569e+00
-3.354015632421649240e+00
-3.002672940693986714e+00
-2.302585092994044569e+00
-3.946188975678997846e+00
-1.095792809004164603e+01
-3.211289953439186107e+00
