-7.019362535675165438e-01
-7.046327708184682015e-01
-7.506761426303781848e-01
8.806117462241260796e-01
-2.069721357097590531e+00
3.364722366212128946e-01
1.093551102949621989e-02
-9.000000000000000000e+00
-3.221135044927504687e+00
-2.821051047180146654e+00
-1.072327560210063480e+00
-3.964127209540301511e+00
-4.512985893746502164e+00
-4.437480082009509275e+00
-6.702866914291760736e+00
-4.198312971591993126e+00
-4.437480082009506610e+00
-2.302585092994045457e+00
-4.480709815535516505e+00
-3.755855917197213234e+00
-2.302585092994045457e+00
-4.437480082009506610e+00
-5.540370250890268800e+00
-3.371801733438819948e+00
