-5.804563085713020376e-01
-6.010562007441343502e-01
-7.114111846539838968e-01
5.865288462355813248e-01
-1.580485668378639463e+00
-1.129370807858541603e+01
-7.204158495576861235e-03
-9.000000000000000000e+00
-3.017021552391529582e+00
-2.357866812131216516e+00
-5.302621038228927830e+00
-3.477156739545029573e+00
-1.343184848709682910e+01
-4.943383212755106726e+00
-4.946647857586326857e+00
-4.250897319301716770e+00
-4.943383212755109390e+00
-2.302585092994045457e+00
-1.407344718125206917e+01
-3.553269983191715387e+00
-2.302585092994045457e+00
-4.943383212755106726e+00
-4.248828682937576318e+00
-4.948958076333993539e+00
