-7.358732797531448711e-01
-6.695111955769370571e-01
-4.976156870449976455e-01
7.751555544736270509e-01
-6.503736941456987886e-01
3.364722366212128946e-01
3.159358559125754473e-01
-9.000000000000000000e+00
-2.140553456732829485e+00
-1.851269461642578884e+00
-3.036952755227838363e+00
-2.405369803949271912e+00
-3.996355616302804670e+00
-3.731821111066635943e+00
-6.043132850484910890e+00
-3.760236850470215497e+00
-3.731821111066638608e+00
-2.302585092994045457e+00
-4.014197432726709813e+00
-3.467910693410122036e+00
-2.302585092994045457e+00
-3.731821111066551566e+00
-3.965213384979288325e+00
-4.792977199871969241e+00
