-5.858888943480246025e-01
-6.826878539326058926e-01
-5.197288949102579769e-01
6.936809672046535535e-01
-8.926120833297348511e-01
-1.253537462182742424e+01
2.954078165468058126e-01
-9.000000000000000000e+00
-3.501350108958777962e+00
-1.457249348781056719e+00
-3.915732884631793809e+00
-2.794002871430382839e+00
-4.521590145184613441e+00
-5.615258352158145172e+00
-1.524403247350530322e+01
-4.523583490002200058e+00
-5.615258352158145172e+00
-2.302585092994023253e+00
-1.523360947534315990e+01
-4.523149815744650581e+00
-2.302585092994023253e+00
-5.615258352158145172e+00
-3.826395817887134676e+00
-4.522894766198608529e+00
