-6.069675732642970667e-01
-5.472602356328448714e-01
-7.821383517962822163e-01
9.441234906126237947e-01
-5.717564921273488032e-01
-4.578107494470520678e+00
3.142519882791094399e-01
-9.000000000000000000e+00
-2.350179110251552572e+00
-1.193196004750038508e+00
-3.334992080149766114e+00
-2.163973303769808343e+00
-5.525458397378250730e+00
-2.734425887159852575e+00
-6.389963347303424968e+00
-3.442263108801830285e+00
-2.734425887159810387e+00
-2.302585092994045457e+00
-4.486762746322248141e+00
-3.749428983288226824e+00
-2.302585092994045457e+00
-2.734425887159915192e+00
-4.515490545163294733e+00
-4.361060084186217267e+00
