-6.004448820911338913e-01
-7.272809281520530300e-01
-4.875505115129757927e-01
7.733918755528526034e-01
-1.447242064558769359e+00
-1.330854473755482736e+01
4.687874227187467935e-01
-3.104187933716030301e+00
-1.126592787945689444e+01
-9.949562621484744351e-01
-4.170016086282599233e+00
-1.509584713501568087e+00
-4.010446897160425905e+00
-4.035323022257633951e+00
-3.704039275059061609e+00
-3.247368925283585561e+00
-4.035323022257633951e+00
-2.302585092994045457e+00
-3.125999597929317364e+00
-2.889783661518634972e+00
-2.302585092994045457e+00
-4.035323022257640169e+00
-4.047663757788602545e+00
-4.036106786605283325e+00
