-6.535771486057891932e-01
-7.628220315247319361e-01
-5.782631377463205435e-01
1.145406921025571068e+00
-1.413978390261833251e+00
-1.358869021179446301e+00
-6.543354800506006042e-01
-3.380203934038852776e+00
-3.191315527684482678e+00
-1.591200786820445412e+00
-3.199801821369227195e+00
-2.382132615092745098e+00
-1.250313197148359912e+01
-2.924451840134170588e+00
-4.833628025885377433e+00
-3.376716880062037074e+00
-2.924451840134267844e+00
-2.302585092994045457e+00
-3.966558955718478163e+00
-3.228823401935711601e+00
-2.302585092994045457e+00
-2.924451840134157710e+00
-4.612023833381909022e+00
-4.449637609313135123e+00
