-5.339757764788055638e-01
-5.626377954886027100e-01
-8.529348555314518743e-01
5.035373039327251110e-01
-1.714563502576961440e+00
3.364722366212128946e-01
-3.439228640595261011e-01
-9.000000000000000000e+00
-3.510734863484703983e+00
-2.535837742300674602e+00
-3.730888961938795934e+00
-3.071693245434516051e+00
-1.690021523072108778e+01
-1.693794589506971349e+01
-1.688652701809290591e+01
-4.694487900891890497e+00
-1.693794589506971704e+01
-2.302585092994042348e+00
-1.688166828973388789e+01
-4.284346071273065881e+00
-2.302585092994042348e+00
-1.693794589506971704e+01
-4.690596468595243707e+00
-1.687625429054003945e+01
