-6.700289033401987115e-01
-9.426420761381736346e-01
-4.738253694427357332e-01
8.327662489001177448e-01
-1.377578235675515073e+00
3.364722366212128946e-01
2.680361805721147572e-01
-9.000000000000000000e+00
-3.529196686313390785e+00
-2.397844206673453549e+00
-1.984869419643152444e+00
-2.326637293631383940e+00
-4.520811045200985312e+00
-4.063299250888305458e+00
-6.223464806085513779e+00
-3.512959096710704721e+00
-4.063299250888305458e+00
-2.302585092994045457e+00
-3.922850537085285083e+00
-3.560737635504035214e+00
-2.302585092994045457e+00
-4.063299250888305458e+00
-3.999312402268802913e+00
-3.689115543234902983e+00
