-4.821394924806318150e-01
-5.197777322176622139e-01
-1.098724026013602861e+00
-3.718148474956100569e-01
3.070192359790979153e-01
3.364722366212128946e-01
-1.153063564076886260e+00
-9.000000000000000000e+00
-2.059098450003278558e+01
-2.059094360139495805e+01
-2.064983903990031422e+01
-2.064789870440283082e+01
-2.064787632302461873e+01
-2.064787632302461873e+01
-2.080348992103517602e+01
-2.065073129535321783e+01
-2.080352853688901860e+01
3.890858415298772410e-01
-2.065070878120499032e+01
-2.065070878120499032e+01
