-8.294073868999020105e-01
-7.579789303928273769e-01
-6.690080585249871259e-01
6.263045424444317888e-01
-1.501677946156966925e+00
-1.391801258927830709e+01
-4.968592673804754223e-01
-9.000000000000000000e+00
-2.655502506894180659e+00
-1.991489490609969604e+00
-2.250782801207142025e+00
-2.846573388459376908e+00
-1.262247796566582458e+01
-5.764469145988982968e-01
-2.503454999530512382e+01
-3.936170806205735673e+00
-5.764469145991736321e-01
-2.302585092994045457e+00
-2.661319260361314676e+01
-3.936336069275706340e+00
-2.302585092994045901e+00
-5.764469145989228327e-01
-2.660348055663945033e+01
-2.660348055663945033e+01
