-5.072162588242322689e-01
-5.349646629723912028e-01
-8.818026211857756813e-01
8.366115026477918271e-01
-8.103890623362645096e-01
-3.682062831211994958e+00
-1.922442647412865580e-02
-9.000000000000000000e+00
-2.218286266106183291e+00
-1.537333081165011661e+00
-3.994247615740937896e+00
-2.040049500916718994e+00
-3.905733957406996915e+00
-4.591961431281145423e+00
-5.182635606410853413e+00
-3.604567398956186164e+00
-4.591961431281179173e+00
-2.302585092994045457e+00
-4.115754302893664729e+00
-3.428188236008916423e+00
-2.302585092994045457e+00
-4.591961431281134765e+00
-4.137843322338055962e+00
-5.164033284370969312e+00
