-6.486114067668190541e-01
-7.140586496915736214e-01
-6.125384905179085404e-01
6.131212545638559108e-01
-1.026567414444264692e+00
-4.466254146044853712e+00
4.886892110339323692e-01
-9.000000000000000000e+00
-3.594426120499766508e+00
-1.690311597367528229e+00
-3.401218632580391255e+00
-1.215185951412400822e+00
-4.386757654702138076e+00
-4.426979775849042120e+00
-5.928254035157153545e+00
-2.445271107031895763e+00
-4.426979775848858267e+00
-2.302585092994045457e+00
-4.185816327280880600e+00
-3.777867925238019176e+00
-2.302585092994045457e+00
-4.426979775849042120e+00
-5.106268312871078408e+00
-4.340192316833113573e+00
