-6.035152157275098794e-01
-5.647069823302134361e-01
-7.662470624952388842e-01
1.069998167775956910e+00
-9.351987492527332746e-01
3.364722366212128946e-01
5.033837581372809789e-01
-2.276461950881675023e+00
-2.083071587403942715e+00
-1.809363270466179507e+00
-2.732370975735959107e+00
-2.279111315354656053e+00
-2.934914813649662779e+00
-2.905461907926163878e+00
-3.033768879892344561e+00
-2.922718834185928927e+00
-2.905461907926163878e+00
-2.302585092994045457e+00
-2.982104829842252336e+00
-2.936941930286514513e+00
-2.302585092994045457e+00
-2.905461907926163878e+00
-2.933072069086896327e+00
-2.946477562928805138e+00
