-6.459641701673065617e-01
-7.673785556688312859e-01
-6.301866912393367937e-01
4.744448229967045960e-01
-1.279375660461631092e+00
-3.778674342322902113e+00
4.739909062839602755e-02
-9.000000000000000000e+00
-2.910233267991062966e+00
-1.635766916018242201e+00
-3.394987835109469998e+00
-2.662367813746107092e+00
-4.940087383428884316e+00
-2.504600574236543142e+00
-1.321320144609631875e+01
-1.315308396296281268e+00
-2.504600574236952149e+00
-2.302585092994045457e+00
-4.327497678841622175e+00
-3.921827322803955074e+00
-2.302585092994045457e+00
-2.504600574236507615e+00
-4.188645874662022095e+00
-4.521113009103961744e+00
