-7.352497666704926882e-01
-5.768221309292340671e-01
-8.342834326134668244e-01
1.020508422547480976e+00
-6.388051719371152792e-01
3.364722366212128946e-01
1.808355785825488393e-01
-9.000000000000000000e+00
-1.722843302642393937e+00
-1.229467639829301850e+00
-3.386601224361312390e+00
-1.878196695875489652e+00
-4.078322509127151108e+00
-3.841210370744874592e+00
-1.190842571865070099e+01
-4.609147318284868788e+00
-3.841210370744872815e+00
-2.302585092994045457e+00
-3.764677635645662157e+00
-4.095943922485766997e+00
-2.302585092994045457e+00
-3.841210370744872815e+00
-4.173330581912604309e+00
-4.459151753801625873e+00
