-5.753499484614074122e-01
-5.309200317384057399e-01
-9.287957172874865552e-01
1.229545978282150509e+00
-1.939993002165592673e+00
-1.237585965094680951e+01
-5.853403750601632316e-01
-9.000000000000000000e+00
-2.956494550923447928e+00
-1.956949714152560915e+00
-5.102434508192115636e+00
-3.230006486530295540e+00
-4.212423756752437853e+00
-5.976157550931150197e+00
-1.660832685832097155e+01
-1.657278409679181053e+01
-5.976157550931147533e+00
-2.302585092994045457e+00
-1.658866270548027089e+01
-3.271563543727955103e+00
-2.302585092994045457e+00
-5.976157550931145757e+00
-1.654892266914774268e+01
-1.654892266914774268e+01
