-7.017400818772058235e-01
-7.044084341094037915e-01
-7.491820214597990635e-01
8.820554039182790795e-01
-2.072308667893778988e+00
-8.184509109455570197e+00
1.404024089695524516e-02
-9.000000000000000000e+00
-3.208946483418665174e+00
-2.833077312489640232e+00
-1.052276442121692135e+00
-4.351428493810839626e+00
-4.520176637231071659e+00
-4.430192652706267609e+00
-6.566510702334839245e+00
-4.197586051568071852e+00
-4.430192652706268497e+00
-2.302585092994045457e+00
-4.491139798396113214e+00
-3.753650713438224429e+00
-2.302585092994045457e+00
-4.430192652706266720e+00
-5.518168620239729982e+00
-3.367558463615698994e+00
