-6.415314407442059830e-01
-8.483533222256498529e-01
-5.470178852050811003e-01
9.895189916121609475e-01
-1.101033148298435682e+00
-2.777615389367311227e+00
-2.051445787190977033e+00
-2.051445787191094716e+00
1.393223774561305472e-01
-1.485859438594147042e+00
-1.376162204657005184e+01
-1.410335952910110269e+00
-3.938412283005225056e+00
-3.636229034212180800e+00
-4.823797143072881433e+00
-4.090464733395744013e+00
-3.636229034212431266e+00
-2.302585092994045457e+00
-3.682589321116077397e+00
-2.975419864804661696e+00
-2.302585092994045457e+00
-3.636229034212168365e+00
-4.007834662677476345e+00
-4.161074824533415040e+00
