-6.412064200397120661e-01
-8.649761741685121352e-01
-5.181493330446818035e-01
7.376835853956975608e-01
-1.248618823206047557e+00
3.364722366212128946e-01
3.697138564455956788e-01
-9.000000000000000000e+00
-2.873326222658428186e+00
-1.561097780429555160e+00
-3.023159221686825937e+00
-1.920027866693207796e+00
-4.119831882089854957e+00
-4.401822640542516929e+00
-5.567343475541149722e+00
-3.804946701089710892e+00
-4.401822640542518705e+00
-2.302585092994045457e+00
-4.483006297353155034e+00
-3.186665398550219130e+00
-2.302585092994045457e+00
-4.401822640542518705e+00
-4.906018843073755242e+00
-4.492692598043243279e+00
