-6.479835103060103130e-01
-7.124585660436734136e-01
-6.127197356878492096e-01
6.096386898032595258e-01
-1.015314181403818683e+00
3.364722366212128946e-01
4.831650424130856103e-01
-5.081054235436521793e+00
-4.022038087425766406e+00
-1.608686686131740373e+00
-3.379662299779603529e+00
-1.205916436478120080e+00
-4.383104270393213042e+00
-4.424250811635218383e+00
-5.999515775749653557e+00
-2.440005819871204906e+00
-4.424250811635219272e+00
-2.302585092994045457e+00
-4.139854930662231425e+00
-3.809541785910090184e+00
-2.302585092994045457e+00
-4.424250811635219272e+00
-5.316779149148945116e+00
-4.279360175620492868e+00
