-7.833011003165116781e-01
-8.058995919525774321e-01
-7.990427839219439443e-01
7.723428016339173308e-01
-1.173550017128107026e+00
-1.402780357237794284e+01
-1.950624586277981826e-02
-9.000000000000000000e+00
-2.698800320761297833e+00
-1.883021953230940904e+00
-2.932172279404707371e+00
-1.763344095686251833e+00
-5.367122900046452649e+00
-4.929992614555457564e+00
-1.884799655602220625e+01
-4.055354355675208744e+00
-4.929992614555702701e+00
-2.302585092994045457e+00
-3.632415203121592828e+00
-3.742173164312542877e+00
-2.302585092994045457e+00
-4.929992614555702701e+00
-3.973708303794605712e+00
-5.077950710634071108e+00
