-5.901316051951434050e-01
-4.745986929044573865e-01
-9.209954573894477692e-01
6.496006616964683511e-01
-1.330374518401426620e+00
-1.284570145148255982e+01
-1.158791255239993018e-01
-9.000000000000000000e+00
-6.691273356212802170e+00
-2.354536975870698434e+00
-4.165067282233919421e+00
-2.371497076504213819e+00
-5.347635259228790794e+00
-5.324386318822209141e+00
-6.037939910287070333e+00
-4.091171736720245811e+00
-5.324386318825658826e+00
-2.302585092993278959e+00
-6.047052356344499557e+00
-4.652418610917688824e+00
-2.302585092993278959e+00
-5.324386318825662379e+00
-1.308320901535586778e+01
-4.655266980224120665e+00
