-7.699219026739515526e-01
-1.104286283648522105e+00
-3.830129846119602610e-01
8.601214273263114718e-01
-1.491725547366065330e+00
-3.174006366088048647e+00
-7.066524731385519231e-03
-3.436997297915738159e+00
-3.331116314457744032e+00
-2.789491514762220792e+00
-5.004246558833458813e+00
-3.414243345840559218e+00
-4.395557475255091440e+00
-4.241256062258322856e+00
-4.334242579600038781e+00
-3.399361131575015182e+00
-4.668630876146676378e+00
-4.329943125019816819e+00
-4.803031070915027456e+00
-4.411531947735740644e+00
