-6.332017974587238474e-01
-7.816038180949667069e-01
-5.908756467849038962e-01
7.233922632397845609e-01
-9.246835665959201034e-01
-1.236988333511650850e+01
-2.945252569813092691e+00
-2.945252569813209931e+00
4.476827175318476293e-02
-1.352104454688299562e+01
-2.697335142241393591e+00
-2.434788023456869066e+00
-5.203217095662492575e+00
-4.649200320616862392e+00
-1.911694981624511058e+01
-3.556021477756221127e+00
-4.649200320616863280e+00
-2.302585092994045013e+00
-3.549040065007871725e+00
-3.081415900752360049e+00
-2.302585092994045013e+00
-4.649200320616868609e+00
-4.476963894421277956e+00
-3.548902365964551109e+00
