-6.443380440588438729e-01
-6.448347862808265774e-01
-7.709162534198742422e-01
5.023883208267082567e-01
-1.427520611174494691e+00
-4.342900518415969913e+00
1.791238871537461641e-01
-9.000000000000000000e+00
-1.152468563302316085e+01
-3.493219615889906038e+00
-1.594714609795251725e+01
-3.974717214519010611e+00
-4.459960737568287037e+00
-4.139107969453222680e+00
-4.930447123153383515e+00
-3.907500415818813355e+00
-6.564635963024935350e+00
-4.755779595522601433e+00
-5.162244929981500086e+00
-5.448441182248894954e+00
