-8.293942090709155446e-01
-7.579013224743208488e-01
-6.690195681659633076e-01
6.263784648856490778e-01
-1.501398771531885501e+00
3.364722366212128946e-01
-4.970068132651771498e-01
-9.000000000000000000e+00
-2.655484035358496531e+00
-1.991644418201623079e+00
-2.252560487005727641e+00
-2.845427940546161771e+00
-2.890869926310809035e+01
-5.767033427815111413e-01
-1.826736148985927244e+01
-3.936314257673930950e+00
-5.767033427769716614e-01
-2.302585092994045457e+00
-1.887527639955587233e+01
-3.936993474998581988e+00
-2.302585092994045457e+00
-5.767033427771885989e-01
-1.887542270246128950e+01
-1.887542270246128950e+01
