-6.550472200561167080e-01
-6.507691813465741326e-01
-8.086004904530654791e-01
9.324700486015249368e-01
-1.231725487634164784e+00
-2.958192662495572112e+00
-7.338359123670906703e-01
-1.840419436466876668e+00
-2.279955109821548920e+00
-1.770672765857170150e+00
-3.473763602058609123e+00
-2.484917729644747997e+00
-4.038948404962186878e+00
-3.976615905441456711e+00
-1.380936962256357425e+01
-4.303882841094680778e+00
-3.976615905441296395e+00
-2.302585092994045457e+00
-5.188698447154095561e+00
-3.766420105698430998e+00
-2.302585092994045457e+00
-3.976615905441283516e+00
-5.754001202626154665e+00
-5.749420148763205951e+00
