-6.529838128543051790e-01
-6.518475606927002231e-01
-7.254883525665386523e-01
5.039465743202714565e-01
-1.268575745464239013e+00
3.364722366212128946e-01
-5.139747082033216397e-02
-9.000000000000000000e+00
-2.489888270930684655e+00
-1.684973638753970659e+00
-1.639608131305730510e+01
-1.115590546633385971e+00
-1.148700626794688340e+01
-1.721211780865532504e+01
-4.616385558576555859e+00
-3.511733182724935176e+00
-1.721211780865532504e+01
-2.302585092994045013e+00
-1.718593430059855010e+01
-4.611390732597873132e+00
-2.302585092994045013e+00
-1.721211780865532504e+01
-1.719631999636027331e+01
-1.719631999636027331e+01
