-5.964596075531984898e-01
-4.901762073545284371e-01
-9.618704154144279705e-01
1.035028649805544543e+00
-1.536747040570411560e+00
3.364722366212128946e-01
-6.137322698017479983e-01
-3.413822378156156301e+00
-2.329297042040268106e+00
-2.112529189500044424e+00
-3.886397833789026368e+00
-1.628292986883566718e+00
-4.341870655699988646e+00
-4.467183977807941631e+00
-1.244789460244431467e+01
-2.601063437965918546e+00
-4.467183977807946960e+00
-2.302585092994045457e+00
-4.343961163603458964e+00
-3.048060129433388443e+00
-2.302585092994045457e+00
-4.467183977807821726e+00
-1.240255181339403556e+01
-5.465416068002713068e+00
