-6.495872138723893796e-01
-7.291672520389834711e-01
-5.851754679151320859e-01
8.384897446043476643e-01
-7.966249018366967638e-01
-1.380733768406524931e+01
-3.103469073584101512e+00
-3.103469073584060212e+00
1.946391112132352108e-01
-6.996556551939563384e-01
-2.780439892930126167e+00
-2.003684295383020952e+00
-3.478755805541450918e+00
-3.945604364054032587e+00
-4.408636249964446918e+00
-3.049389740553839712e+00
-3.945604364054047686e+00
-2.302585092994045457e+00
-3.352879507170148266e+00
-3.001961832304961497e+00
-2.302585092994045457e+00
-3.945604364054031254e+00
-1.528139411158273298e+01
-3.212082036094320969e+00
