-6.532950536101080896e-01
-6.439210843396470096e-01
-6.865985026396718149e-01
5.591949010111963991e-01
-6.035281638491302170e-01
3.364722366212128946e-01
3.584011388258806496e-01
-9.000000000000000000e+00
-2.158701148763711775e+00
-1.555465364887786306e+00
-3.300835843150024207e+00
-2.366101273845169661e+00
-3.995489280274755028e+00
-4.588287702851909344e+00
-1.369498054024136202e+01
-3.317503076582500876e-01
-4.588287702851909344e+00
-2.302585092994045457e+00
-3.434308737554738311e+00
-3.465151384343359897e+00
-2.302585092994045457e+00
-4.588287702851906680e+00
-4.850936229818626266e+00
-3.854558926643536498e+00
