-6.859946629631310522e-01
-9.040378488977092175e-01
-6.166825598782578188e-01
5.914071088607514293e-01
-1.411877330826082355e+00
-9.566864418683708848e+00
-4.225510881388696127e+00
-4.225510881388486517e+00
-6.042914506734707869e-01
-2.203714998237145117e+00
-1.501498517362797180e+01
-2.437861138736854727e+00
-3.790340863046576469e+00
-3.545359231289704649e+00
-1.369246684853914964e+01
-1.407989994520718380e+00
-3.545359231289701096e+00
-2.302585092994045457e+00
-4.130718435009843148e+00
-1.763943094718881457e-02
-2.302585092994045457e+00
-3.545359231289687330e+00
-4.068954521861834372e+00
-3.289506529345100017e+00
