-6.591885031460753552e-01
-6.936061088736984459e-01
-8.568454827435609822e-01
7.335394458138905227e-01
-1.352022172169668135e+00
-1.432261476212562634e+01
-3.331799428566807997e+00
-3.331799428566764032e+00
1.686350654220024614e-01
-2.205184043002415883e+00
-1.169711731122707832e+01
-2.650559367482181905e+00
-4.197201984869378677e+00
-4.522382456645944515e+00
-1.790582225317820075e+01
-3.862191829437163548e+00
-4.522382456646075077e+00
-2.302585092994045457e+00
-5.260043121373094266e+00
-3.859339173235028841e+00
-2.302585092994045457e+00
-4.522382456646075077e+00
-1.790586966695176585e+01
-4.558444484608850544e+00
