-6.009030971741476934e-01
-5.519888249634590238e-01
-9.967054662204795079e-01
8.351265991317915471e-01
-1.780143346550428163e+00
3.364722366212128946e-01
-9.189196989391158477e-01
-7.871154933536926857e-01
-3.569780573359742526e+00
-3.729450706009383332e+00
-5.691756166185806265e+00
-4.121510333071258358e+00
-5.671953296776875320e+00
-2.295022958832275695e+00
-4.477555902848180835e+00
-3.007627566993847257e+00
-1.718184763455521136e+01
-4.195750531574649500e+00
-4.255977969061727428e+00
-4.443149530291304217e+00
