-6.763437185931550077e-01
-5.130436545355938627e-01
-9.700231194074931951e-01
6.191714275885917829e-01
-1.077307247574861737e+00
3.364722366212128946e-01
3.724264713416655104e-01
-9.000000000000000000e+00
-2.437258765024795881e+00
-1.972595190565664014e+00
-3.280724379064472007e+00
-2.308993047613817406e+00
-4.004759874434431488e+00
-4.305006178874430489e+00
-5.955953931887225217e+00
-3.894217095745413637e+00
-4.305006178874430489e+00
-2.302585092994045457e+00
-5.464485689253254286e+00
-4.298742504937374420e+00
-2.302585092994045457e+00
-4.305006178874431377e+00
-4.581234193464805315e+00
-1.238365315665625799e+00
