-6.081146422549468245e-01
-5.475586153504714559e-01
-7.828132083503011041e-01
9.408312298366940940e-01
-5.656593820666124817e-01
3.364722366212128946e-01
3.119063507743034536e-01
-9.000000000000000000e+00
-2.342978365138592256e+00
-1.183810425554037371e+00
-3.327575512901705945e+00
-2.157157610667623793e+00
-5.533648345869014662e+00
-2.720062535891081268e+00
-6.363161588407807656e+00
-3.438787832066794170e+00
-2.720062535891276667e+00
-2.302585092994045457e+00
-4.483876209074442620e+00
-3.742953100248686216e+00
-2.302585092994045457e+00
-2.720062535891277111e+00
-4.511834639033708072e+00
-4.359366016108869424e+00
