-6.859610138536205159e-01
-9.040309227617087107e-01
-6.165336411819123397e-01
5.912933643233183600e-01
-1.412144636601114334e+00
3.364722366212128946e-01
-6.042326469907590702e-01
-9.000000000000000000e+00
-1.520086327794213332e+01
-2.438356208871823583e+00
-2.203721349391385864e+00
-3.533154228165936939e+00
-3.791914698258831429e+00
-3.545260157588795646e+00
-1.676095745359244660e+01
-1.408088896378555388e+00
-3.545260157588722816e+00
-2.302585092994045457e+00
-4.127062103008425353e+00
-1.754176103677546061e-02
-2.302585092994045457e+00
-3.545260157588847161e+00
-4.070615003934191733e+00
-3.288516370349198414e+00
