-6.611846771974417836e-01
-4.517193574090044850e-01
-1.040269939672825883e+00
9.591937777392562925e-01
-6.058385271144124395e-01
-4.206472202414352601e+00
3.908130580051584757e-01
-2.009014164540272596e+00
-3.324199874824822487e+00
-2.696764604886158434e+00
-4.061963019065689018e+00
-3.305454047381330529e+00
-3.958691729710226870e+00
-4.265133250500778850e+00
-4.440165213274158695e+00
-3.394835737912842433e+00
-5.449233935887206393e+00
-3.968222938183680881e+00
-4.390230840573408955e+00
-4.775405570383195908e+00
