-5.858746835603947378e-01
-6.827137824973722458e-01
-5.196978602981905393e-01
6.939122672764602706e-01
-8.924329719774449776e-01
3.364722366212128946e-01
2.953921885825248617e-01
-9.000000000000000000e+00
-3.500609375670399981e+00
-1.457527241528528084e+00
-3.915580023367136064e+00
-2.793884360159388347e+00
-4.522708703374701322e+00
-5.621672942557123243e+00
-1.587148391126928892e+01
-4.524764816666202449e+00
-5.621672942557123243e+00
-2.302585092994045457e+00
-1.586438590443234631e+01
-4.524378819234308402e+00
-2.302585092994045457e+00
-5.621672942557123243e+00
-3.826573113547231841e+00
-4.524116674464853993e+00
