-6.024259295546574577e-01
-6.316558024102394420e-01
-6.875597502437614805e-01
5.239107714439228403e-01
-1.927128629667531623e+00
-9.479649349209143594e+00
6.295079807810577410e-01
-9.000000000000000000e+00
-2.318237638524332844e+00
-1.036167347513201520e+01
-8.274994036966386801e+00
-1.783001723252610082e+00
-3.577989391424545307e+00
-3.723333001389218744e+00
-4.818421757109192072e+00
-3.679978484154123208e+00
-3.723333001389303121e+00
-2.302585092994045457e+00
-4.991427690304832687e+00
-3.650305667224588824e+00
-2.302585092994045457e+00
-3.723333001389303121e+00
-3.626737226960808691e+00
-4.325928337383136757e+00
