-7.337420823783299406e-01
-9.517590992988280707e-01
-4.376272187014115245e-01
8.620688333174175710e-01
-1.030208506234099541e+00
3.364722366212128946e-01
1.477062015235813819e-01
-9.000000000000000000e+00
-3.179408471203588604e+00
-1.932976235821930011e+00
-1.373149602853434237e+00
-2.050924124803530812e+00
-4.233526493502916210e+00
-3.834500741621585274e+00
-4.998805597791958988e+00
-3.130444181695727135e+00
-3.834500741621586162e+00
-2.302585092994045457e+00
-3.837333871186454193e+00
-3.869701363988492293e+00
-2.302585092994045457e+00
-3.834500741621611919e+00
-3.720143702544128406e+00
-3.767571817977419357e+00
