-6.549627739857096786e-01
-6.511911529464415871e-01
-8.086335945264364611e-01
9.299507003768293645e-01
-1.234922226992932970e+00
3.364722366212128946e-01
-7.600432142564147453e-01
-1.783371451506249095e+00
-2.230753432930984825e+00
-1.771130028743495677e+00
-3.453490982139635790e+00
-2.467919971796696643e+00
-4.019677411007918977e+00
-3.956421426620680304e+00
-1.387449154168689525e+01
-4.284993140097932418e+00
-3.956421426620675863e+00
-2.302585092994045457e+00
-5.171691834110824892e+00
-3.746891323767911341e+00
-2.302585092994045457e+00
-3.956421426620672310e+00
-5.729462610189408167e+00
-5.723909364038788361e+00
