-5.807843059681981890e-01
-1.397623320125409574e+00
-3.049769557314885859e-01
6.488192455582897367e-01
-1.038395364394312681e+00
3.364722366212128946e-01
4.582152173434673181e-01
-9.000000000000000000e+00
-1.250754967068329471e+01
-2.786291235965668855e-01
-1.400322299459615394e+01
4.581226048782031102e-01
-2.577775326313739068e+00
-1.701195901927350462e+01
-2.201601205328349309e+01
-3.272073058430815529e+00
-1.701195901927350462e+01
-2.302585092994045457e+00
-2.207793651558277759e+01
-3.270787809216972875e+00
-2.302585092994045457e+00
-1.701195901927350462e+01
-2.582217046655200132e+00
-2.207531940169791795e+01
