-6.287746890567692537e-01
-5.626278118754598490e-01
-5.550602770841063238e-01
7.239588424796267185e-01
-1.703264387904306343e+00
-1.521061595918300213e+01
2.690134595251810756e-01
-9.000000000000000000e+00
-3.560348607859744607e+00
-1.532668869777375065e+01
-1.893950436684737682e+01
-3.153610656987250405e+00
-4.261847682880356203e+00
-4.975920643811363675e+00
-1.967540073226003017e+01
-3.852950898496814158e+00
-1.962007003079662226e+01
-4.262843174768324417e+00
-4.261687886735218811e+00
-1.967268473810157303e+01
