-5.556002336733562030e-01
-3.855728290777596379e-01
-7.628995625423564686e-01
9.273834390925318472e-01
-5.126670921346702103e-01
3.364722366212128946e-01
3.127663998927817102e-01
-9.000000000000000000e+00
-2.500538876737801619e+00
-1.164978569993261104e+00
-3.403269295771786940e+00
-1.876636984638623717e+00
-3.299375931606910228e+00
-3.693785894571224304e+00
-1.396005772770982389e+01
-3.407979763351531410e+00
-3.693785894571224304e+00
-2.302585092994045457e+00
-4.592383207570160053e+00
-3.450129245667506783e+00
-2.302585092994045457e+00
-3.693785894571224304e+00
-3.941802185725777452e+00
-3.659360099138524447e+00
