-7.130364967232643014e-01
-6.481051890221007916e-01
-5.135917187114245053e-01
1.023266289678907759e+00
-5.812606054056275173e-01
-1.038056770345842983e+00
-4.242362923797289298e-01
-1.871471882746616355e+00
-7.032330499170391658e-01
-3.643208882619280775e+00
-4.327787476287422663e+00
-4.594145569655067263e+00
-5.132618980048214929e+00
-1.762484410376922384e+01
-1.346498258343857302e+01
-1.016433457203657742e+00
-5.158906677641765803e+00
-1.790696658335638247e+01
-5.155272799544801998e+00
-1.939683213415294816e+01
