-6.433621212574668347e-01
-6.428380816818373145e-01
-7.710090861868102996e-01
4.936447896597414564e-01
-1.427334723225717195e+00
3.364722366212128946e-01
1.780889560372754254e-01
-9.000000000000000000e+00
-1.181243302505029469e+01
-3.488089435295384177e+00
-1.629089685897118400e+01
-3.970910363255082398e+00
-4.457383086937096728e+00
-4.051111816781680197e+00
-4.924670621929601921e+00
-3.902660138974464399e+00
-6.534068486221323191e+00
-4.752011199840037392e+00
-5.155364720785589938e+00
-5.444754892084310072e+00
