-6.917421509169321414e-01
-7.510862728688112444e-01
-7.415381108230917340e-01
5.463144595332634079e-01
-1.912108928304051991e+00
3.364722366212128946e-01
-2.061302173592416687e-01
-8.997694070699523650e+00
-4.136058657348847589e+00
-4.635563376035328531e+00
-4.604346835037318897e+00
-3.206061157970358622e+00
-3.762043914666622690e+00
-5.756987834870550103e+00
-4.193200112613336472e+00
-3.951860281998918811e+00
-6.279659013852883831e+00
-3.910281484738618030e+00
-4.681419450162884743e+00
-5.583097124894844221e+00
