-7.833591880738621782e-01
-8.058354540263182875e-01
-7.990464132089133420e-01
7.724629554380939567e-01
-1.173553798424607830e+00
3.364722366212128946e-01
-1.950700024498025834e-02
-9.000000000000000000e+00
-2.698529575942620440e+00
-1.882948533443659311e+00
-2.935681178745636277e+00
-1.761736323206810395e+00
-5.369181566388174787e+00
-4.927971165275145005e+00
-1.563054339921828984e+01
-4.053748829926443698e+00
-4.927971165275144116e+00
-2.302585092994046789e+00
-3.634125130162502604e+00
-3.743236949176124817e+00
-2.302585092994046789e+00
-4.927971165275264021e+00
-3.972928216942872126e+00
-5.079775149463290340e+00
