-5.629038984904702891e-01
-6.163072243162863728e-01
-7.192632842768830193e-01
4.365066091203293475e-01
-1.690286572260814024e+00
3.364722366212128946e-01
2.247172669866923933e-01
-9.000000000000000000e+00
-3.207120787976327048e+00
-2.320680633560785910e+00
-4.339200526424624726e+00
-2.842446540699419710e+00
-1.588638865197052397e+01
-4.448933283243331260e+00
-1.637612087953897699e+01
-3.911966989046995913e+00
-4.448933283243579062e+00
-2.302585092994045457e+00
-5.302468339246079410e+00
-3.915568169269949106e+00
-2.302585092994045457e+00
-4.448933283243172276e+00
-5.306483061123881129e+00
-5.306304461237414394e+00
