-6.424465659062769118e-01
-8.474334293420375808e-01
-5.470405515541454378e-01
9.553378148199360709e-01
-1.073333692985530607e+00
3.364722366212128946e-01
1.228657354133656510e-01
-6.844262381037146348e+00
-8.625037195411461965e+00
-1.388353409226038560e+00
-1.481156674292794406e+00
-1.363753601360093271e+00
-3.911005865858484754e+00
-3.609355230450235208e+00
-4.810650263836020457e+00
-4.062596941614451396e+00
-3.609355230450237428e+00
-2.302585092994045901e+00
-3.643957951631637382e+00
-2.722578361080734588e+00
-2.302585092994045901e+00
-3.609355230450236096e+00
-3.925606867486370888e+00
-4.218139034412539345e+00
