-5.470722820585586232e-01
-5.429378756223265379e-01
-7.010133445540670527e-01
2.763236042090109201e-01
-8.744711239781502998e-01
3.364722366212128946e-01
4.723859065828309722e-01
-7.707151928505433069e+00
-3.290149244199037426e+00
-3.546997634638659136e+00
-6.134984272724814502e+00
-3.849287846799922530e+00
-2.298645017640505994e+00
-5.578530946819856950e+00
-4.914234492052460546e+00
-3.896897184751540344e+00
-5.394929265924510275e+00
-2.416031674844453025e+00
-6.074586371644929095e+00
-4.983017315319880680e+00
