-6.529895423800112786e-01
-6.518246634807729478e-01
-7.255312837975546048e-01
5.040885515312605314e-01
-1.268686188465622422e+00
-1.808820907286544610e+01
-5.135905138346769094e-02
-9.000000000000000000e+00
-2.488570154556466019e+00
-1.685443475312187411e+00
-2.046040817271834555e+01
-1.115474288196322883e+00
-1.323743887292433108e+01
-2.130052830551101906e+01
-4.617148616262226390e+00
-3.511546359578949783e+00
-2.130052830551100840e+01
-2.302585092994045457e+00
-2.129753003820430024e+01
-4.612455582220942318e+00
-2.302585092994045457e+00
-2.130052830551101906e+01
-2.130105636542006309e+01
-2.130105636542006309e+01
