-5.559505341957651225e-01
-6.524238292087558566e-01
-6.793811240569923582e-01
5.353788967071196891e-01
-6.461645532282684901e-01
3.364722366212128946e-01
5.601806366579489826e-02
-2.626957043616302556e+00
-1.533864928756728530e+00
-1.718470767570142055e+00
-4.141978577972534659e+00
-2.088790674944596137e+00
-4.162941659748111256e+00
-2.879706826809359743e+00
-4.711854503737041178e+00
-2.579118081313828803e+00
-2.879706826809368181e+00
-2.302585092994045457e+00
-4.604925422743695762e+00
-1.893462076067554012e+00
-2.302585092994045457e+00
-2.879706826809370845e+00
-2.681858729673447961e+00
2.428285801658685295e-01
