-5.908015693901916832e-01
-6.626949635159146146e-01
-4.166012635317968282e-01
5.124710976475336244e-01
-4.814910956024437416e-01
3.364722366212128946e-01
6.492446966369673778e-01
-9.000000000000000000e+00
-1.616191473088955055e+00
-1.348580240136201880e+01
-3.345317239902598061e+01
-3.432621781617227530e+00
-2.201296241681375943e+00
3.357932814159002577e-01
-3.433098076082121253e+01
-1.179297162108561281e+00
-3.446034731599122658e+00
-3.433006152707892333e+00
-1.609029979285172551e+00
-3.439866825370980052e+01
