-7.155618147196706191e-01
-4.865723471351670049e-01
-8.423640417370698019e-01
6.070650618946952237e-01
-1.711452895454725232e+00
-1.174645244808810851e+01
-3.060451545822787112e-01
-9.000000000000000000e+00
-2.254710339051835266e+00
-3.022848194903001495e+00
-4.647346165486046843e+00
-3.771790520440615246e+00
-5.264199540652402476e+00
-3.214799986051818603e+00
-5.135477971255628660e+00
-4.693788271652516997e+00
-3.214799986054476477e+00
-2.302585092994044125e+00
-1.757016777914300221e+01
-4.194534252193785839e+00
-2.302585092994044125e+00
-3.214799986057204073e+00
-1.772936815070539751e+01
-5.112897773098074694e+00
