-5.349628718968700847e-01
-5.442285241360172998e-01
-9.661629296586066173e-01
1.067123026623571835e+00
-1.491470486999870282e+00
3.364722366212128946e-01
-2.781319060847013414e-01
-9.000000000000000000e+00
-3.094983057910725588e+00
-2.542333849642663512e+00
-5.177410904858191998e+00
-2.727202508106305157e+00
-4.894066425891235639e+00
-4.156485933966127533e+00
-4.176203524170968961e+00
-1.528519993116347209e+01
-4.156485933966140855e+00
-2.302585092994045013e+00
-4.870537809298510545e+00
-4.882390493756943783e+00
-2.302585092994045013e+00
-4.156485933965910817e+00
-1.528458044035700603e+01
-2.112881757984684583e+00
