-7.549015090547774864e-01
-9.099019589932804131e-01
-3.930176763007093843e-01
6.071757050534908329e-01
-1.436535818951641508e+00
3.364722366212128946e-01
1.504619869037057411e-01
-6.295710390631096054e+00
-3.282111725737013153e+00
-3.199668487898186697e+00
-4.384356038321802096e+00
-3.341630249910825690e+00
-4.268032343184614774e+00
-1.838569278843942056e+00
-4.216135795001985542e+00
-3.205710140224378613e+00
-6.669143130829133348e+00
-1.699770892850998694e+00
-4.453191560352119716e+00
-4.766222426225736442e+00
