-5.557469751298279581e-01
-3.856287256191930912e-01
-7.628211574296122066e-01
9.276146612567062189e-01
-5.128401963524862328e-01
-1.321635694142785411e+01
3.130668842196082657e-01
-9.000000000000000000e+00
-2.498391825288967638e+00
-1.165059652735572548e+00
-3.402228498886587182e+00
-1.875621497306287910e+00
-3.301834596933385768e+00
-3.693955259518467926e+00
-1.487045468580985208e+01
-3.407128029563613936e+00
-3.693955259518492351e+00
-2.302585092994045457e+00
-4.582882320226818962e+00
-3.448197240168353606e+00
-2.302585092994045457e+00
-3.693955259518340029e+00
-3.940082747101029792e+00
-3.659818773854742080e+00
