-7.131773608521455587e-01
-6.591894549160838279e-01
-4.971756000043963120e-01
7.019455416816268167e-01
-6.523529956463286483e-01
3.364722366212128946e-01
-5.644151715746549280e-01
-1.438976923702964372e+00
-5.430871657144383802e-01
-3.650156580230847769e+00
-4.940076546102393884e+00
-4.320774916278512734e+00
-4.970309318424730449e+00
-1.162073663654116196e+01
-4.774277751560036975e+00
-5.950057143192183373e-01
-4.974900593092191237e+00
-1.280180971887402031e+01
-4.975375373034475857e+00
-1.323337117577662347e+01
