-7.358641520608100173e-01
-6.694812059916014357e-01
-4.975296674246912354e-01
7.753938248013537704e-01
-6.503127054925234019e-01
-1.432228776262831182e+01
3.159417505616721189e-01
-9.000000000000000000e+00
-2.139230445635447619e+00
-1.851195915449671103e+00
-3.038229383507721426e+00
-2.405827893442636256e+00
-3.993552033052168770e+00
-3.731433977805553859e+00
-6.054113833706776582e+00
-3.759550190054208318e+00
-3.731433977804865965e+00
-2.302585092994044569e+00
-4.013602257651739613e+00
-3.465558718055593346e+00
-2.302585092994044569e+00
-3.731433977803647828e+00
-3.966402630841339150e+00
-4.786494418486009650e+00
