-6.788009599580084874e-01
-6.559489605524646549e-01
-5.952749333866916848e-01
6.647453632256276057e-01
-1.473065728342047409e+00
3.364722366212128946e-01
-2.302585092994045457e+00
-2.302585092994045457e+00
-3.060172074985305191e+00
-3.060172074985117785e+00
-8.436806242153131741e-02
-3.409710229531394354e+00
-4.147444850109869741e+00
-4.755488487523778396e+00
-5.354242226287868611e+00
-3.239561357716161272e+00
-4.755488487523563457e+00
-2.302585092994045457e+00
-1.591196897338082650e+01
-4.364383680865677739e+00
-2.302585092994045457e+00
-4.755488487523610530e+00
-5.276596814783452771e+00
-4.874244122285748659e+00
