-6.596028303472580845e-01
-7.716611167627739354e-01
-4.654971902291468178e-01
7.632332079243027145e-01
-1.289114713159569048e+00
-3.130529692641880857e+00
1.409807337134392213e-01
-9.000000000000000000e+00
-2.714177692717058665e+00
-3.648035604454465730e+00
-6.471395625975120858e+00
-1.733764746399278023e+00
-4.002268288521213080e+00
-3.719907927620076826e+00
-3.424370385996497124e+00
-3.211642005159791591e+00
-5.909131125325425060e+00
-4.753532318194786832e+00
-4.261043665838352368e+00
-4.266552408941731933e+00
