-6.966702544992907642e-01
-7.097983430451738629e-01
-5.723636433070090623e-01
9.491990349937862170e-01
-2.141037860901771506e+00
3.364722366212128946e-01
-9.090831928188182198e-01
-2.840508553720081597e+00
-3.205323389212176188e+00
-1.668040082857632056e+00
-4.476067838359506723e+00
-1.850739727403300616e+00
-5.392290333012054404e+00
-4.689880464331249499e+00
-4.567988029601430355e+00
-3.254775877696090891e+00
-4.689880464331249499e+00
-2.302585092994045457e+00
-4.581844712230259908e+00
-4.708214703720304151e+00
-2.302585092994045457e+00
-4.689880464331249499e+00
-4.499033991490085427e+00
-3.742182940241298272e+00
