-6.518102759782609112e-01
-4.826968283852263175e-01
-7.937527932575183520e-01
4.059846863466957112e-01
-1.438382811153042784e+00
3.364722366212128946e-01
-4.901180457414495983e-02
-9.000000000000000000e+00
-3.598184651521404653e+00
-2.506902114725761077e+00
-4.528243505143469072e+00
-3.834519902900371591e+00
-5.653192251834334492e+00
-5.483313048085885377e+00
-1.458527391078906987e+01
-4.563845739202903928e+00
-5.483313048085885377e+00
-2.302585092994045457e+00
-5.666511126538313015e+00
-4.747653131140884497e+00
-2.302585092994045457e+00
-5.483313048085885377e+00
-4.969145877856388616e+00
-4.742189022095891993e+00
