-6.353875256456075205e-01
-6.092321074602234932e-01
-7.500400702362695071e-01
7.311936545775598040e-01
-1.436617700866633429e+00
3.364722366212128946e-01
2.314937068576072756e-03
-9.000000000000000000e+00
-1.936686480264022014e+00
-2.067693445369031657e+00
-3.643918322665114840e+00
-2.680460210979044966e+00
-4.404073177872122713e+00
-3.775526959701630769e+00
-4.689754757829928344e+00
-3.891326173732527760e+00
-3.775526959701641427e+00
-2.302585092994045457e+00
-4.439913956280870266e+00
-4.037582187447853244e+00
-2.302585092994045457e+00
-3.775526959701627661e+00
-3.743326074588670949e+00
-4.439407070258028831e+00
