-6.387405054441708252e-01
-8.718660717515178682e-01
-4.676338586723352564e-01
6.768483368287443458e-01
-1.535465245620078800e+00
3.364722366212128946e-01
1.049708996119518879e-02
-9.000000000000000000e+00
-3.951996026472069712e+00
-3.393566077191741304e+00
-2.043175249774327185e+00
-3.028666158118100249e+00
-4.264752516545516237e+00
-4.287195186183500262e+00
-4.527095254870921792e+00
-4.210971113938644983e+00
-4.287195186183698326e+00
-2.302585092994045457e+00
-3.999953519609846797e+00
-4.002840257441939720e+00
-2.302585092994045457e+00
-4.287195186183697437e+00
-1.549731108213721242e+01
-4.928707172648103985e+00
