-6.090206259515760223e-01
-6.453562432087661671e-01
-7.563235857737073964e-01
5.512063365301026474e-01
-1.199171106163280376e+00
3.364722366212128946e-01
1.171402936936244144e-01
-9.000000000000000000e+00
-2.393284135772671739e+00
-2.471925427774598560e+00
-3.592709607650289350e+00
-2.252032831768969068e+00
-4.843777004044435230e+00
-2.846555214381868204e+00
-1.536869621386071749e+01
-3.784054279781583041e+00
-2.846555214381571552e+00
-2.302585092994045457e+00
-3.808211536239104245e+00
-4.890896689512810092e+00
-2.302585092994045457e+00
-2.846555214381976118e+00
-4.820681657938996167e+00
-2.038697061694423329e+00
