-6.568168560576458370e-01
-7.566207999272086537e-01
-6.544585202244280753e-01
3.422331674534933588e-01
-6.677618388420869522e-01
-3.504475062856817313e+00
4.597720542269677635e-01
-9.000000000000000000e+00
-4.336998255466286700e+00
-3.366808050848621114e+00
-5.198984444509946456e+00
-1.653605829769772217e+00
-1.348667247868709840e+00
-2.388867707959303033e+00
-4.926900484939327640e+00
-3.765360695364983634e+00
-6.715799461331227960e+00
-3.840303131389331881e+00
-5.070155311855049085e+00
-4.277901889682255820e+00
