-6.835948712247768011e-01
-8.844143707167301249e-01
-5.906340812667787432e-01
3.230767314654320876e-01
-1.491994715903761870e+00
3.364722366212128946e-01
-6.202641274527972287e-02
-9.000000000000000000e+00
-4.335837475806904706e+00
-2.613965822924056326e+00
-2.328860123350080968e+00
-2.269404012543751126e+00
-1.071851061280588802e+01
-1.959376900243058994e+00
-4.548879107529566035e+00
-2.341235495497000496e+00
-1.959376900243013697e+00
-2.302585092994045457e+00
-3.891312915710846365e+00
-3.818840995535699001e+00
-2.302585092994045457e+00
-1.959376900242956854e+00
-3.860215307611408964e+00
-3.447638500549874419e+00
