-6.178460456747855156e-01
-7.141762838960491466e-01
-6.169705504299736187e-01
8.126640706032387529e-01
-1.853101947474326661e+00
-1.316698736501367684e+01
-9.118101809650135114e-02
-9.000000000000000000e+00
-3.264142277491101307e+00
-2.390085885000639454e+00
-3.513839012848992471e+00
-3.149223949120026678e+00
-5.719029579350556780e+00
-5.392436897907577631e+00
-5.697438647252310417e+00
-4.596150758563681826e+00
-5.392436897907577631e+00
-2.302585092994045457e+00
-1.390325275767008506e+01
-4.999115559275946197e+00
-2.302585092994045457e+00
-5.392436897906717874e+00
-4.306627699910031914e+00
-5.702431763340086057e+00
