-5.569322624207876382e-01
-7.282929515939402521e-01
-5.285605587035451247e-01
7.214003026902807703e-01
-1.871815098770799102e+00
-1.196013013336088271e+01
-3.309375808730629087e-01
-9.000000000000000000e+00
-2.951344708329934008e+00
-2.247207986909236066e+00
-3.967548056969456560e+00
-3.432957019149835087e+00
-3.649345003503758456e+00
-2.790302332850830513e+00
-1.928934893069132883e+01
-3.990947539015461842e+00
-2.790302332850662204e+00
-2.302585092994045457e+00
-4.690432581712011384e+00
-3.987960804762499478e+00
-2.302585092994045457e+00
-2.790302332850830958e+00
-4.281212538245690702e+00
-1.928757064189579395e+01
