-6.890343928716385902e-01
-6.051555418165914801e-01
-6.526576133058807905e-01
6.222262133824426611e-01
-1.680585132525659997e+00
3.364722366212128946e-01
3.492745578615894519e-01
-8.986884193977564550e+00
-2.641072864375662022e+00
-2.232862408729296533e+00
-3.944191435889669251e+00
-3.129345174758909831e+00
-5.348711617946007024e+00
-3.692519401569775539e+00
-5.759569121804939407e+00
-3.885096789741814938e+00
-3.692519401569785309e+00
-2.302585092994045901e+00
-4.865922313199406268e+00
-4.623705444411496224e+00
-2.302585092994045901e+00
-3.692519401569791970e+00
-4.974756120769878720e+00
-4.974396624858748339e+00
