-7.980736190631330107e-01
-7.218700723850769441e-01
-7.403293593638315961e-01
6.952086700752588833e-01
-3.996732715119246659e+00
-2.535755259231391889e+00
-2.925075574740101936e-01
-9.000000000000000000e+00
-2.433218799997224568e+00
-1.942655113174761361e+00
-4.063194694680317909e+00
-3.082880694325178084e+00
-4.069667469072622445e+00
-4.723420200797450619e+00
-5.292380118433830383e+00
-3.864507904013034345e+00
-4.723420200797286306e+00
-2.302585092994045457e+00
-5.337997675035111911e+00
-3.836684532009660753e+00
-2.302585092994045457e+00
-4.723420200797447954e+00
-6.198174375091210386e+00
-5.444304647178901391e+00
