-6.136497401958160847e-01
-4.359912199806437183e-01
-9.235082487580311694e-01
7.389846947040331626e-01
-1.023520788417871863e+00
-1.088828285699502096e+01
-1.618731253132134340e-02
-4.373244961780184070e+00
-1.994945505972946842e+00
-2.341051194004562408e+00
-4.114060281034052302e+00
-2.156887859141708663e+00
-4.342106541255355445e+00
-4.875204727391596826e+00
-4.681444083081083285e+00
-3.674253808223594486e+00
-4.875204727393314563e+00
-2.302585092994046345e+00
-5.492743835900341764e+00
-3.825768118610734625e+00
-2.302585092994046345e+00
-4.875204727392133286e+00
-4.733232513542728448e+00
-2.479947060890839605e+00
