-7.698508453724014489e-01
-1.105935164256885095e+00
-3.813266222077902334e-01
8.610009532233536822e-01
-1.494394655449270193e+00
3.364722366212128946e-01
-2.170405716536740956e-02
-3.091252739387077675e+00
-3.308144907943157520e+00
-2.780802586355746175e+00
-5.002459563260312159e+00
-3.399586336449777146e+00
-4.380418602653941562e+00
-4.226933731350302814e+00
-4.319868030932873637e+00
-3.382654112070397012e+00
-4.647739392843350359e+00
-4.319402945976618113e+00
-4.787161092600541679e+00
-4.396953009086958630e+00
