-6.031478154337464037e-01
-5.251266133012352233e-01
-8.042641709914289949e-01
5.399282465550981902e-01
-1.776399584476660021e+00
-1.401145317867856299e+01
4.083144555053206531e-02
-9.000000000000000000e+00
-1.677245137570210431e+01
-2.715394672189329839e+00
-2.708393898939388311e+00
-2.967682382815498787e+00
-4.592801767603305940e+00
-5.401351755787741737e+00
-5.704988967494339924e+00
-5.692077825425337245e+00
-5.401351755787724862e+00
-2.302585092994045457e+00
-4.989571903091484018e+00
-3.600801594819711848e+00
-2.302585092994045457e+00
-5.401351755786949482e+00
-5.690546572019260729e+00
-4.996062753444998172e+00
