-5.652689881001207173e-01
-8.748248040929672564e-01
-6.212430548226938187e-01
1.064365499281958449e+00
-2.003636293762056653e+00
3.364722366212128946e-01
1.251701172537339257e+00
-3.256804257985537743e-01
-2.888357417528198301e+00
-1.306754756355772251e+01
-1.835969958320351125e+01
-4.315934025927072426e+00
-4.353098121926964659e+00
-3.598288746464399335e+00
-4.315766342459348870e+00
-4.310689052629875562e+00
-1.843553325912790797e+01
-4.307414674171189617e+00
-3.616153843079330965e+00
-1.845803004523087765e+01
