-7.181847329518789014e-01
-6.855555882677702995e-01
-7.064218752990575334e-01
6.043938185482400360e-01
-1.782547130971634086e+00
3.364722366212128946e-01
-7.026751125029688516e-02
-9.000000000000000000e+00
-3.596220060249535333e+00
-2.675014630966330298e+00
-2.907346585086310942e+00
-2.145939787997825032e+00
-3.787294527064562377e+00
-4.826714603549498328e+00
-6.666866978729114379e+00
-3.017859467344022661e+00
-4.826714603549498328e+00
-2.302585092994044569e+00
-4.223813608203587755e+00
-3.239501880670969669e+00
-2.302585092994044569e+00
-4.826714603549498328e+00
-5.863216712623989579e+00
-5.022080556262542572e+00
