-6.003836234299958496e-01
-7.272187752059060539e-01
-4.875288222478856848e-01
7.734266296898847370e-01
-1.447296460478108893e+00
3.364722366212128946e-01
4.688242939616987237e-01
-3.108192829450560080e+00
-1.054396104226845310e+01
-9.951208475730730640e-01
-4.166566570592697083e+00
-1.509891606226955174e+00
-4.010021430161438971e+00
-4.035521567511481500e+00
-3.704523418921950473e+00
-3.247478491417125301e+00
-4.035521567511482388e+00
-2.302585092994045901e+00
-3.127471379334252788e+00
-2.889453528831339657e+00
-2.302585092994045901e+00
-4.035521567511481500e+00
-4.048110408382649794e+00
-4.036422110265249330e+00
