-6.212912563918435715e-01
-7.319412914705999418e-01
-5.079126917243549366e-01
4.129715141997830630e-01
-1.378724595781345874e+00
-2.040308542668294933e+01
-2.333141776318759797e-01
-3.689506896149456150e+00
-2.284260510380665110e+01
-3.983741790790175763e+00
-2.416768735489110753e+01
-3.908701715260071374e+00
-3.830852907932270401e+00
-8.464064840422357294e-01
-2.433343587116334206e+01
-2.799034279342802023e+00
-2.411201424409138028e+01
-3.906099874821685525e+00
-5.301600107824557817e+00
-4.196011011544936942e+00
