-5.713624336137648196e-01
-4.631885680234072988e-01
-8.860312294473273731e-01
6.212867383023399359e-01
-8.122245216950311208e-01
3.364722366212128946e-01
9.902682477320833010e-02
-9.000000000000000000e+00
-1.314946120695737797e+00
-1.302235332908816989e+00
-4.258735857818739312e+00
-2.533858870551057851e+00
-1.981834819751135957e+00
-4.275104987860752104e+00
-1.486882179501952095e+01
-4.895715883323471296e+00
-4.275104987860526506e+00
-2.302585092994046789e+00
-4.485155737249804098e+00
-4.200162810674631153e+00
-2.302585092994046789e+00
-4.275104987860752104e+00
-4.483725024431252315e+00
-4.890514062068758605e+00
