-6.178614275264386890e-01
-7.141944453056202624e-01
-6.169391951075795522e-01
8.125890693626801609e-01
-1.853625024082972805e+00
3.364722366212128946e-01
-9.109092089311647544e-02
-9.000000000000000000e+00
-3.262902963122624289e+00
-2.389949042951133862e+00
-3.512592408787373000e+00
-3.148252613515923226e+00
-5.721463055562861832e+00
-5.398244185798657391e+00
-5.692265911807596446e+00
-4.596671053564226561e+00
-5.398244185798656503e+00
-2.302585092994045457e+00
-1.408289800097938560e+01
-5.004087114882160847e+00
-2.302585092994045457e+00
-5.398244185797866024e+00
-4.304887051601855141e+00
-5.696591300844935368e+00
