-7.337243427910343785e-01
-9.517777212055367198e-01
-4.375732079762014726e-01
8.619627656403285876e-01
-1.030296525753788828e+00
-1.100539307348381080e+01
1.478884661932705624e-01
-9.000000000000000000e+00
-3.181521002720397728e+00
-1.932987326579020282e+00
-1.373456071741352646e+00
-2.052273111368179581e+00
-4.226545298803227269e+00
-3.835835903984375683e+00
-5.003335077904249140e+00
-3.130962544691370919e+00
-3.835835903982718342e+00
-2.302585092994045457e+00
-3.837588721551058679e+00
-3.869869459643228371e+00
-2.302585092994045457e+00
-3.835835903982718342e+00
-3.719804737326117827e+00
-3.768668685678254526e+00
