-5.751582720052798026e-01
-4.854845585289195298e-01
-9.428457391697060430e-01
2.304048512095124568e-01
-1.922981770284229786e+00
3.364722366212128946e-01
-1.746357351596333762e-01
-9.000000000000000000e+00
-3.250405751865799608e+00
-1.845955984740427658e+00
-3.922834495480040484e+00
-2.967740899577107072e+00
-3.219194693358422565e+00
-4.744366195584582613e+00
-1.502107745376460457e+01
-3.122353736443394645e+00
-4.744366195584836632e+00
-2.302585092994045457e+00
-1.664434660509391506e+01
-3.834811050445827263e+00
-2.302585092994045457e+00
-4.744366195584951207e+00
-4.531610595479308223e+00
-1.663219454868195157e+01
