-5.864680786799991719e-01
-7.203354312468117637e-01
-5.236112998481834424e-01
4.505760271431624164e-01
-1.935098207316293006e+00
3.364722366212128946e-01
-2.715209908729180888e-01
-3.283249869506614793e+00
-1.976171184937064229e+00
-1.580416581054751690e+00
-5.532312639949771516e+00
-2.765581727361916098e+00
-1.258715837408106530e+01
-2.605861195052908474e+00
-1.329273119046747986e+01
-3.726821867496321605e+00
-2.605861195053089219e+00
-2.302585092994045457e+00
-1.301470052470294192e+01
-3.503962091321792371e+00
-2.302585092994045457e+00
-2.605861195052670887e+00
-4.016643370119579615e+00
-1.329159889561838348e+01
