-6.479767770692219653e-01
-8.041296438070808517e-01
-4.750260191671090704e-01
9.100446380623349318e-01
-2.391149469772865910e+00
3.364722366212128946e-01
-4.680905015636924182e-02
-9.000000000000000000e+00
-3.508947036645610584e+00
-7.060433830480065120e-01
-3.497838726649885377e+00
-3.236155973223391769e+00
-4.980814994436919108e+00
-4.666142453295794468e+00
-4.632137498179156765e+00
-3.922021136525221774e+00
-4.666142453298404824e+00
-2.302585092994045457e+00
-3.674078020221958951e+00
-1.183313924983453447e+01
-2.302585092994045457e+00
-4.666142453298402160e+00
-4.799340418270014119e+00
-3.515484193079542852e+00
