-5.752535240423124474e-01
-5.307922053411614494e-01
-9.286078090729887879e-01
1.229672084930347520e+00
-1.940793826026862234e+00
3.364722366212128946e-01
-5.850960538407768974e-01
-9.000000000000000000e+00
-2.955750160105186541e+00
-1.956917942344767125e+00
-5.108592533937640567e+00
-3.229998724792017217e+00
-4.211001877399571214e+00
-5.983166423511565135e+00
-1.673464901250538972e+01
-1.671061244932921852e+01
-5.983166423511857346e+00
-2.302585092994046345e+00
-1.671660524559056782e+01
-3.271098553828397204e+00
-2.302585092994045457e+00
-5.983166423511560694e+00
-1.668915142920547012e+01
-1.668915142920547012e+01
