-6.418468041062554974e-01
-4.970316832939701834e-01
-6.659376295136932855e-01
6.789665448002110137e-01
-1.056264871116099124e+00
-1.124870642796565434e+01
-2.302585092994045457e+00
-2.302585092994045457e+00
-1.897546468202159664e+00
-1.897546468202144343e+00
1.349954662006782324e-01
-1.191702418727891555e+01
-4.073937633290157123e+00
-4.775589030958696135e+00
-5.328739601792680247e+00
-3.043286011870753871e+00
-4.775589030958696135e+00
-2.302585092994045457e+00
-4.154378944140462160e+00
-5.262762196508286472e+00
-2.302585092994045457e+00
-4.775589030958696135e+00
-4.572085073405776079e+00
-4.565057596671419304e+00
