-6.598514166105404755e-01
-6.340667508743057512e-01
-8.230679786205222781e-01
8.460206101695519898e-01
-2.707295224207849405e+00
-5.148163745403560476e+00
-3.129017486317549612e-01
-6.367034435503851952e+00
-4.303948042493553672e+00
-3.711500135002614886e+00
-7.348921584134987306e+00
-3.897235665808526761e+00
-5.259439998756676005e+00
-4.184933303182700293e+00
-4.520116451885167308e+00
-4.185572953888263115e+00
-5.689365572518457981e+00
-4.622540195848652722e+00
-5.561014074242785377e+00
-5.441707659315581758e+00
