-5.759131163838716594e-01
-8.638765915621420266e-01
-5.693407662362713895e-01
8.006963555398329824e-01
-1.264868904090882040e+00
3.364722366212128946e-01
2.411511733981344385e-01
-9.000000000000000000e+00
-4.200102180732928403e+00
-2.182158691178313958e+00
-1.792503651096060580e+00
-2.043363069583632452e+00
-4.436373718145024903e+00
-3.801355215026913648e+00
-4.749028138741686611e+00
-3.544302988042641989e+00
-3.801355215026893664e+00
-2.302585092994045457e+00
-4.559661972189228862e+00
-3.508113738369575074e+00
-2.302585092994045457e+00
-3.801355215026940293e+00
-4.192798707859431318e+00
-4.196547820443335297e+00
