-5.741254682979679558e-01
-9.885770912541297362e-01
-4.924242670304015412e-01
1.115462549167958617e+00
-1.301975698700480022e+00
3.364722366212128946e-01
-8.988671526693459146e-01
-1.283777335975413436e+00
-4.004072126337662851e+00
-1.381204480033893178e+00
-3.524898766615151668e+00
-2.209384799845089287e+00
-4.331553408888799694e+00
-4.393809367228309171e+00
-6.507420959079365907e+00
-3.408214657300893347e+00
-4.393809367228309171e+00
-2.302585092994045457e+00
-5.195891177348105572e+00
-2.804274411070467821e+00
-2.302585092994045457e+00
-4.393809367228309171e+00
-3.386282356384340275e+00
-2.694473315001572278e+00
