-6.651108772428750981e-01
-5.466087510345072342e-01
-6.977621061437478955e-01
6.742250649978998034e-01
-8.729234063377647734e-01
3.364722366212128946e-01
-2.969695805945759409e-02
-9.000000000000000000e+00
-3.232700040927229512e+00
-2.354457463788122151e+00
-5.052363025687222731e+00
-2.375932115614590501e+00
-4.600512243867060924e+00
-4.532975241770856201e+00
-4.674427068131929097e+00
-5.362362742152360973e+00
-4.532975241770913932e+00
-2.302585092994045457e+00
-5.360859772964320591e+00
-3.569172448772028439e+00
-2.302585092994045457e+00
-4.532975241770919261e+00
-1.394220282099886354e+01
-4.268542385580222920e+00
