-6.593308330753192559e-01
-6.330954742872653140e-01
-8.216376768646220796e-01
8.442412653692381586e-01
-2.712327405498927924e+00
3.364722366212128946e-01
-3.112647947194607800e-01
-6.984269547285200552e+00
-4.295102038698417779e+00
-3.698103950799734640e+00
-7.107045647878045713e+00
-3.888248076719237112e+00
-5.274710942479429399e+00
-4.180840345477832010e+00
-4.511363020849156413e+00
-4.183419823837955853e+00
-5.704762980480489354e+00
-4.637292197450959108e+00
-5.601304835651593983e+00
-5.460702100744125431e+00
