-6.700741406981411963e-01
-9.423939261213206686e-01
-4.738921856010249178e-01
8.322685331973519451e-01
-1.377235483915309810e+00
-1.315935610178439852e+01
-3.026368262135144427e+00
-3.013614632122359360e+00
2.678031937897247250e-01
-1.985118316062765675e+00
-3.529549930232002364e+00
-2.396270663217861419e+00
-4.526729596159206892e+00
-4.064416338295710140e+00
-6.214257299796737577e+00
-3.512800149507501857e+00
-4.064416338296119591e+00
-2.302585092994045013e+00
-3.922814173620474243e+00
-3.560160591572148814e+00
-2.302585092994045013e+00
-4.064416338296192421e+00
-3.998268710200810983e+00
-3.686659641032582257e+00
