-6.746252316519417702e-01
-6.524697007738567978e-01
-7.839788882457301433e-01
6.471985808236406790e-01
-1.094665164635808319e+00
3.364722366212128946e-01
3.825293548661792276e-01
-9.000000000000000000e+00
-3.841142482493789867e+00
-2.939503365573775451e+00
-1.284953857754875584e+00
-3.110394804001225921e+00
-4.275543373774178590e+00
-4.537953711365610765e+00
-5.911132337566075812e+00
-3.996188369139227703e+00
-4.537953711365611653e+00
-2.302585092994045457e+00
-4.293046121121838254e+00
-4.390136817412213510e+00
-2.302585092994045457e+00
-4.537953711365611653e+00
-5.843358897816567143e+00
-4.594028062795354472e+00
