-6.332107058425299195e-01
-7.815769073738482176e-01
-5.908030136193339610e-01
7.233904038676928216e-01
-9.245639159467599066e-01
3.364722366212128946e-01
4.462164194931884237e-02
-9.000000000000000000e+00
-2.696491187135376499e+00
-2.435512225093687366e+00
-1.383851893119750898e+01
-2.252993297150648111e+00
-5.192858930686599983e+00
-4.649241858490498203e+00
-1.860682318016319670e+01
-3.555974886151223036e+00
-4.649241858490498203e+00
-2.302585092994045901e+00
-3.547585678529904030e+00
-3.080282660590917487e+00
-2.302585092994045901e+00
-4.649241858490498203e+00
-4.478380096317835957e+00
-3.547639122789753241e+00
