-6.354359488480524343e-01
-6.093770868248961081e-01
-7.499250249800127888e-01
7.312267704940093038e-01
-1.436813863511426037e+00
-6.103972597462030691e+00
2.655217043452680337e-03
-9.000000000000000000e+00
-1.935326640646405583e+00
-2.069262404593569915e+00
-3.642033307053777591e+00
-2.683793371885218715e+00
-4.405901858199006149e+00
-3.776531905612350748e+00
-4.689843793408087436e+00
-3.890459320546422628e+00
-3.776531905612324547e+00
-2.302585092994044569e+00
-4.441335091908301003e+00
-4.036924276177173532e+00
-2.302585092994044569e+00
-3.776531905612398710e+00
-3.744744035329692355e+00
-4.440872939407016773e+00
