-6.907135010968863398e-01
-7.159416481840497060e-01
-4.610656503248023452e-01
3.315310911119523363e-01
-1.034433001495174143e+00
3.364722366212128946e-01
-6.566888748457362169e-04
-9.000000000000000000e+00
-4.743354202175979140e+00
-1.925044373031447265e+00
-1.064924557782420678e+00
-2.041927379296533118e+00
-2.985759820043027979e+00
-8.006807501623955936e-01
-4.347883676659836993e+00
-2.935136014660263193e+00
-8.006807501624425560e-01
-2.302585092994045457e+00
-4.338085668252307237e+00
-3.772773346456728571e+00
-2.302585092994045457e+00
-8.006807501624109147e-01
-4.239908339870660292e+00
-3.841946341466463632e+00
