-6.639877904535457231e-01
-7.215279582102616107e-01
-6.719562822148199555e-01
6.211372923466129681e-01
-1.516856299295860966e+00
-5.618399149316261720e+00
1.297358813132080402e-01
-9.000000000000000000e+00
-2.234990691665687201e+00
-1.581981624444110723e+00
-3.975233691365544608e+00
-1.817627139316362994e+00
-3.943212833109500881e+00
-4.102023930941339991e+00
-4.336502296431675951e+00
-4.015554282031789768e+00
-4.102023930941339991e+00
-2.302585092994036131e+00
-3.972592129657299242e+00
-3.752146886624970978e+00
-2.302585092994036131e+00
-4.102023930941339991e+00
-4.498128735110304532e+00
-2.723616907305627333e+00
