-5.731600783169255031e-01
-6.285420855910940352e-01
-4.214390466077119202e-01
4.812953382464012497e-01
-4.643509179211644522e-01
-1.725124788194085657e+00
7.185276441136043690e-01
-9.000000000000000000e+00
-1.389450772449305482e+00
-9.213124138517086337e+00
-1.507969518791883878e+01
-3.532405412540294165e+00
-1.163184997732515491e+01
1.794651109476357032e-01
-1.556277053475982974e+01
-1.268745828542570786e+00
-3.540565339358304087e+00
-3.521788932494343438e+00
-1.701922251557979271e+00
-1.554274740894898876e+01
