-6.023165760108014632e-01
-6.314945163351765034e-01
-6.877217336655410129e-01
5.234357868737076203e-01
-1.928268842097080826e+00
3.364722366212128946e-01
6.297197129804095184e-01
-9.000000000000000000e+00
-2.318165346465385745e+00
-1.409410607166276641e+01
-1.328636940090116880e+01
-1.781370862269565425e+00
-3.577546761126197961e+00
-3.722932447436084313e+00
-4.820463569991689567e+00
-3.680071922766157577e+00
-3.722932447436147818e+00
-2.302585092994046345e+00
-4.997543369516372458e+00
-3.650540073340627689e+00
-2.302585092994046345e+00
-3.722932447436073211e+00
-3.629431896106841471e+00
-4.328278259388851801e+00
