-7.931869613439691546e-01
-7.682741346319624798e-01
-6.363643646163903433e-01
6.379875280219816647e-01
-2.581652507509930139e+00
-6.520079895972811457e+00
3.705019812935878010e-01
-9.000000000000000000e+00
-2.397941905724024547e+00
-8.131826111910751109e+00
-5.152117154045729563e+00
-2.603517161937800584e+00
-4.855421007391695021e+00
-3.853779858797405922e+00
-1.292416335774084857e+01
-3.249471747577238556e+00
-3.853779858797356628e+00
-2.302585092994045457e+00
-1.295348575894463750e+01
-1.298046979185190608e+01
-2.302585092994045457e+00
-3.853779858797357072e+00
-3.767519781236296605e+00
-4.874568829761837918e+00
