-6.645656678775548887e-01
-5.040935360582627922e-01
-6.734513169435071278e-01
9.708153112635026227e-01
-1.316212837840781802e+00
3.364722366212128946e-01
1.711628974133212189e-01
-6.412675738844260565e+00
-2.593412979164311682e+00
-9.349882720888879062e-01
-1.082869598583086912e+01
-2.956921391658795528e+00
-4.070407474730559194e+00
-4.462650179144026730e+00
-1.371423484359958422e+01
-4.066280930950953554e+00
-4.462650179144026730e+00
-2.302585092994045457e+00
-1.372952696852382459e+01
-1.372903573539292488e+01
-2.302585092994045457e+00
-4.462650179143922813e+00
-1.372881928689555942e+01
-1.372881928689555942e+01
