-6.292641761177486526e-01
-7.122621651138559828e-01
-5.924950782326042775e-01
1.116244917891036526e+00
-1.699229873314713979e+00
3.364722366212128946e-01
1.244961316333597356e-01
-8.956677133824934245e+00
-2.779000959838817231e+00
-1.774409719191145207e+00
-3.887481754657536648e+00
-2.284774711535180192e+00
-4.254635225608750737e+00
-4.095449071590538281e+00
-4.907992281833885251e+00
-4.202594290265414756e+00
-4.095449071590538281e+00
-2.302585092994045457e+00
-4.733518286738076952e+00
-3.436333562730247593e+00
-2.302585092994045457e+00
-4.095449071590607559e+00
-4.460186727259200623e+00
-3.995131869054864282e+00
