-6.714306324590880726e-01
-9.307501444059905760e-01
-4.152995066925440626e-01
4.535057973906500006e-01
-3.830696920203624956e+00
3.364722366212128946e-01
-6.021442465450389525e-01
-9.000000000000000000e+00
-1.151175424993361851e+01
2.707921676920377330e+00
-1.531270261256171494e+01
-3.629918127875920497e+00
-1.259950488717326955e+01
1.364905414810777984e+00
-4.278925076531199245e+00
-3.603600571561467625e+00
1.364905414810387407e+00
-2.302585092994045457e+00
-2.171360664755605896e+01
-2.168405121572190097e+01
-2.302585092994045457e+00
1.364905414810710926e+00
-2.170293863873456530e+01
-3.599725040412093069e+00
