-5.729441085115972720e-01
-4.653046111457160849e-01
-8.873680748910731664e-01
6.321897718411093603e-01
-8.092442270149281525e-01
-4.274212660754193926e+00
1.081345088922849029e-01
-9.000000000000000000e+00
-1.304814323798417774e+00
-1.354779463355055613e+00
-4.192772835899931216e+00
-2.577150919440724941e+00
-1.980579574654328656e+00
-4.332244211086115016e+00
-1.573794389938416849e+01
-4.900189165447083717e+00
-4.332244211085982677e+00
-2.302585092994045457e+00
-4.493831905991485520e+00
-4.209661771115718487e+00
-2.302585092994045457e+00
-4.332244211086114127e+00
-4.492380735172090134e+00
-4.895472973751043178e+00
