-5.873457043234032726e-01
-5.359923358762390677e-01
-8.006571555590756839e-01
6.956732833140381045e-01
-1.715299645509473114e+00
3.364722366212128946e-01
-9.825320925666768124e-02
-9.000000000000000000e+00
-2.895033775171080404e+00
-2.802113224420737403e+00
-4.151193790071105560e+00
-3.568744153853256940e+00
-3.749893738833925294e+00
-4.734145685453670538e+00
-1.750465108483061982e+01
-4.112982846964482242e+00
-4.734145685453666097e+00
-2.302585092994045457e+00
-5.495065619127292855e+00
-3.701792171883661720e+00
-2.302585092994045457e+00
-4.734145685453670538e+00
-1.750586726666264070e+01
-1.750586726666264070e+01
