-7.013535386906383229e-01
-5.519156148641514159e-01
-6.163430475747784243e-01
9.540224781782493668e-01
-9.199024405969756790e-01
-1.200688196583488399e+01
2.880708988206302501e-01
-9.000000000000000000e+00
-2.041609145378624479e+00
-1.813266526377119048e+00
-3.507961481788206548e+00
-2.171593203268549654e+00
-3.429920773217615348e+00
-3.775785637224340352e+00
-5.293878193238130692e+00
-3.315920963255725162e+00
-3.775785637224560620e+00
-2.302585092994045457e+00
-4.935883965331377077e+00
-3.078142159965195468e+00
-2.302585092994045457e+00
-3.775785637224669866e+00
-3.472843949263529684e+00
-3.655705501788621081e+00
