-5.734535800439920505e-01
-9.759591420427519148e-01
-5.016309367707375566e-01
1.136311080098948212e+00
-1.245805406559290507e+00
-1.167512030613572449e+00
-7.954633723963574488e-01
-1.431738301866217977e+00
-9.262549890582096879e+00
-1.403418552282120313e+00
-3.700570668557949361e+00
-2.264420604948135907e+00
-4.444577148716245318e+00
-4.516013894821025332e+00
-1.038025451979704705e+01
-3.524601929541697487e+00
-4.516013894821025332e+00
-2.302585092994045457e+00
-5.279123384017179177e+00
-2.877649014370979419e+00
-2.302585092994045457e+00
-4.516013894821096386e+00
-3.441472292163811453e+00
-2.826956820427031225e+00
