-6.611313237986354840e-01
-4.517418856643256597e-01
-1.039824394853130274e+00
9.557353783287563243e-01
-6.043392302448500342e-01
3.364722366212128946e-01
3.659956710483560638e-01
-1.791264069799862302e+00
-3.297596196796010126e+00
-2.696598098121802956e+00
-4.032257664386467155e+00
-3.301713281232259600e+00
-3.949209892099394104e+00
-4.259224335530569228e+00
-4.433780511742396513e+00
-3.387863149627071468e+00
-5.435240892895826015e+00
-3.959904567322857449e+00
-4.383023564234922453e+00
-4.765542155213188913e+00
