-6.009208188710327692e-01
-5.520674115213388689e-01
-9.967529386019752247e-01
8.351127238750810644e-01
-1.780078568759268176e+00
-1.081680134051799058e+01
-9.187801769916595918e-01
-7.872182028928828013e-01
-3.569441287011822173e+00
-3.728567932103404203e+00
-5.690846584703812994e+00
-4.121706385313123278e+00
-5.688305099841508117e+00
-2.294376666025135680e+00
-4.475269186522092824e+00
-3.007849225867526233e+00
-1.899086946141905941e+01
-4.196426247127028830e+00
-4.254392642257060153e+00
-4.444874494197729398e+00
