-6.825498374774220389e-01
-5.650812537101045363e-01
-8.090478555356260815e-01
6.447559070763095868e-01
-1.086994728235226804e+00
3.364722366212128946e-01
-5.469585311276349282e-01
-9.000000000000000000e+00
-2.422887551614741231e+00
-2.059094867309834598e+00
-1.573261785431096982e+01
-7.137383042750923279e-01
-1.677579914523416349e+01
-4.830853494394899528e+00
-3.857600092733483255e+00
-4.901021631039629289e-01
-4.830853494394897751e+00
-2.302585092994045457e+00
-3.874255214231753897e+00
-1.528847874035859533e+01
-2.302585092994045457e+00
-4.830853494394898640e+00
-9.564668520709468380e-01
-3.717285698802872407e+00
