-7.979020508322497429e-01
-7.248879665104651648e-01
-7.360548309728229821e-01
6.881246575480464145e-01
-3.979594899047418810e+00
3.364722366212128946e-01
-2.956052886201462337e-01
-9.000000000000000000e+00
-2.485231690442538000e+00
-1.857206506487362185e+00
-4.046587754846111551e+00
-2.987103834603018537e+00
-4.052224522997121881e+00
-4.602380251195869576e+00
-5.245898792109156439e+00
-3.820224045069187557e+00
-4.602380251195840266e+00
-2.302585092994045457e+00
-5.293236123407674576e+00
-3.792428448360513293e+00
-2.302585092994045457e+00
-4.602380251195840266e+00
-6.164108142865136308e+00
-5.397162171706415101e+00
