-7.154776591158298338e-01
-4.865091266397684744e-01
-8.422480299292463002e-01
6.072640657897495631e-01
-1.711710564141888602e+00
3.364722366212128946e-01
-3.059804871708543539e-01
-9.000000000000000000e+00
-2.254626071645627672e+00
-3.023348989441277279e+00
-4.648184274098847268e+00
-3.773848201766789590e+00
-5.272402776836166538e+00
-3.215717579245529478e+00
-5.136394676284530725e+00
-4.696191433360537459e+00
-3.215717579245600533e+00
-2.302585092994045457e+00
-1.536291172836452823e+01
-4.195538297635540204e+00
-2.302585092994045457e+00
-3.215717579245545465e+00
-1.555629208317339973e+01
-5.113677179416465712e+00
