-6.100620837412487063e-01
-6.479175709094285862e-01
-7.584188091998762538e-01
5.517345700629989746e-01
-1.200554044450980351e+00
-3.310693402629111937e+00
1.161570559698560240e-01
-9.000000000000000000e+00
-2.406830724614100525e+00
-2.486674157263338181e+00
-3.607329514132713300e+00
-2.304442301599851195e+00
-4.853705012766403648e+00
-2.873665681495178870e+00
-1.030531878906760568e+01
-3.797924519542558386e+00
-2.873665681495148227e+00
-2.302585092994045457e+00
-3.825319900238184356e+00
-4.905785264735323281e+00
-2.302585092994045457e+00
-2.873665681495177981e+00
-4.836018118525838183e+00
-2.053083138474022906e+00
