-6.746783578495897382e-01
-6.524493858319039274e-01
-7.840123728940504577e-01
6.474057218411076731e-01
-1.094621658111251117e+00
-1.225265209520786414e+01
3.825325626816293845e-01
-9.000000000000000000e+00
-3.841005367164739059e+00
-2.940742563379225238e+00
-1.284608335324185946e+00
-3.115748153522785557e+00
-4.277916679067111261e+00
-4.537525379490769950e+00
-5.924781004190411871e+00
-3.994499664523555982e+00
-4.537525379490754851e+00
-2.302585092994045457e+00
-4.295869915903749892e+00
-4.392525578387817653e+00
-2.302585092994045457e+00
-4.537525379491156308e+00
-5.853837550396462142e+00
-4.595369369978196339e+00
