-6.423511606948957287e-01
-8.671363451848500548e-01
-5.184450314280999450e-01
7.358307034163499294e-01
-1.249979617276236521e+00
-4.615235831702073632e+00
3.700282418642255045e-01
-9.000000000000000000e+00
-2.916724109162801337e+00
-1.564276666641831959e+00
-3.023068345573756144e+00
-1.923901779784344290e+00
-4.123649250384192833e+00
-4.404749921120983736e+00
-5.569705210111596472e+00
-3.809667595996505174e+00
-4.404749921121082323e+00
-2.302585092994045457e+00
-4.486555216265893264e+00
-3.189908819032223342e+00
-2.302585092994045457e+00
-4.404749921121040579e+00
-4.906857151868554645e+00
-4.496320941585610242e+00
