-5.637372221019238960e-01
-3.764180334953673990e-01
-9.153927201143416958e-01
6.387099235607147651e-01
-7.975461048207806991e-01
3.364722366212128946e-01
2.087533449966681720e-01
-9.000000000000000000e+00
-2.215878577359177370e+00
-1.648584898457763570e+00
-3.277925556538042962e+00
-2.529638385017586533e+00
-1.179579883417337527e+01
-4.136048950231479893e+00
-1.511902791822509862e+01
-3.776863982177415924e+00
-4.136048950231479893e+00
-2.302585092994045457e+00
-4.381791195841103992e+00
-3.262974009402859643e+00
-2.302585092994045457e+00
-4.136048950231315580e+00
-1.513746427039090570e+01
-4.188338997652506279e+00
