-5.652473101960284740e-01
-8.746684599353737877e-01
-6.212230810061246666e-01
1.064832771611456730e+00
-2.003976238426091072e+00
-1.150711354186751123e+01
1.251697128557057059e+00
-3.224142853411679499e-01
-2.889367748861343621e+00
-1.610010512612267775e+01
-2.333244515244859585e+01
-4.315834982487571914e+00
-4.352413564603478946e+00
-3.597854467853642824e+00
-4.316014300163170780e+00
-4.310297196780201290e+00
-2.341868053130890814e+01
-4.306868115444467904e+00
-3.614503800091837249e+00
-2.343239198776343457e+01
