-5.349074681608022575e-01
-5.441901307212304584e-01
-9.661451943740997361e-01
1.067144563610219477e+00
-1.491605329245900169e+00
-1.264213685880398153e+01
-2.780727377651148191e-01
-9.000000000000000000e+00
-3.093668793857538457e+00
-2.542187067493532737e+00
-5.181905883046413308e+00
-2.727478917713128670e+00
-4.894343593740692278e+00
-4.156614379078632737e+00
-4.177252320527254703e+00
-1.629612559009260409e+01
-4.156614379079091925e+00
-2.302585092994045457e+00
-4.870187952384417152e+00
-4.882040954337565353e+00
-2.302585092994045457e+00
-4.156614379078610533e+00
-1.629760134008045469e+01
-2.112756659991887442e+00
