-6.392849038162918829e-01
-6.208504371032307345e-01
-7.122740585847279204e-01
6.283643965170697676e-01
-1.681298965827655367e+00
-1.180269700647843756e+01
5.821448827701749401e-02
-9.000000000000000000e+00
-3.212122299664707192e+00
-2.177858098953025845e+00
-4.105463293181617068e+00
-3.251027480821806481e+00
-5.703151158224927464e+00
-4.956869113394270165e+00
-6.059753550614355611e+00
-1.865471154694761768e+00
-4.956869113394271054e+00
-2.302585092994045457e+00
-1.593440827317737885e+01
-3.750631200294162415e+00
-2.302585092994045457e+00
-4.956869113395281801e+00
-5.711095896832278918e+00
-4.782042486772843048e+00
