-6.762971117286576961e-01
-5.133211693832698819e-01
-9.699895289934749032e-01
6.184410692916687546e-01
-1.078199405343980732e+00
-6.078456511467896561e+00
3.724255040403755546e-01
-9.000000000000000000e+00
-2.437599153316393874e+00
-1.973337901467231648e+00
-3.282907443371201328e+00
-2.310429043006096972e+00
-4.008421770440339316e+00
-4.305648584358021225e+00
-5.940487726395627277e+00
-3.897164280015965598e+00
-4.305648584358023889e+00
-2.302585092994045457e+00
-5.462600607079595605e+00
-4.298963907655973138e+00
-2.302585092994045457e+00
-4.305648584358023889e+00
-4.583371478564727930e+00
-1.242283102941549089e+00
