-5.340521201665847650e-01
-5.625785370324429824e-01
-8.530061952898470023e-01
5.036917383896192257e-01
-1.714335533598857486e+00
-1.510374119195549092e+01
-3.438137946827558022e-01
-9.000000000000000000e+00
-3.508956593947011982e+00
-2.537663877134558543e+00
-3.730505488743446563e+00
-3.072247570844557796e+00
-1.756199182722748020e+01
-1.759940252732367227e+01
-1.755252957634430544e+01
-4.691128964272811785e+00
-1.759940252732367227e+01
-2.302585092994045457e+00
-1.755219194938310068e+01
-4.284716522978588849e+00
-2.302585092994045457e+00
-1.759940252732367227e+01
-4.687808001871119679e+00
-1.755238183606688551e+01
