-5.638565813978906327e-01
-3.765054399452022471e-01
-9.154245283830380053e-01
6.386161657510612821e-01
-7.973134160429395934e-01
-1.362820871365545017e+01
2.087025965262631899e-01
-9.000000000000000000e+00
-2.214705105698089760e+00
-1.648833060571420317e+00
-3.277668310445192468e+00
-2.530552138584750921e+00
-1.174875934350533768e+01
-4.134637414930438126e+00
-1.554600911470976676e+01
-3.778197601883741097e+00
-4.134637414930415034e+00
-2.302585092994045013e+00
-4.381322865080377049e+00
-3.264013028886671552e+00
-2.302585092994045013e+00
-4.134637414930415034e+00
-1.556411707705506942e+01
-4.188965915584187627e+00
