-6.794092774862132700e-01
-5.886120190043312439e-01
-6.433158512649790328e-01
5.560111758674119997e-01
-1.389135259108057241e+00
3.364722366212128946e-01
2.036026778433786821e-01
-1.440059694944973323e+00
-3.105334402646906966e+00
-3.445128679070645017e+00
-5.072989807253303951e+00
-2.898313747249141148e+00
-3.735933584132492769e+00
-5.545446244924556289e+00
-4.101006086673802287e+00
-3.388079496282505154e+00
-4.583723913952044704e+00
-3.776789448894550372e+00
-5.532981010485198858e+00
-1.494215619027322717e+01
