-5.873560617434437914e-01
-5.359432559153920472e-01
-8.007505625734543386e-01
6.956991889432553311e-01
-1.715292328069546679e+00
-1.236515909408843328e+01
-9.821077184510176861e-02
-9.000000000000000000e+00
-2.894851113939590714e+00
-2.802170161743551269e+00
-4.149535619205077630e+00
-3.568049010940612664e+00
-3.749977088667279634e+00
-4.732827275079706020e+00
-2.076566943051453862e+01
-4.112409882730609922e+00
-4.732827275080288665e+00
-2.302585092994045457e+00
-5.495416592778796350e+00
-3.701352349979898371e+00
-2.302585092994045457e+00
-4.732827275078716589e+00
-2.074961544747995745e+01
-2.074961544747995745e+01
