-5.060542270929225817e-01
-5.354891850655075780e-01
-8.822184027170101306e-01
8.303816629657332360e-01
-8.242683233286394184e-01
3.364722366212128946e-01
-1.711649498019001889e-02
-9.000000000000000000e+00
-2.200996372168325443e+00
-1.526032676758046325e+00
-3.982989684885848813e+00
-1.990603735047385525e+00
-3.913279939215298597e+00
-4.568550525374177163e+00
-5.168812274758021630e+00
-3.592404814166009430e+00
-4.568550525374177163e+00
-2.302585092994045457e+00
-4.101874334429925106e+00
-3.413689862682871112e+00
-2.302585092994045457e+00
-4.568550525374095450e+00
-4.119710126963576968e+00
-5.167537017084959494e+00
