-6.650112728711320420e-01
-5.466490872999881789e-01
-6.976718374979410386e-01
6.736990819855162016e-01
-8.730223244690294981e-01
-1.299936035405508861e+01
-2.964904466645309003e-02
-9.000000000000000000e+00
-3.233093458856415303e+00
-2.353946449059316492e+00
-5.050324873006268867e+00
-2.376290557783392376e+00
-4.601726868142943516e+00
-4.532681101288435599e+00
-4.675272995633203976e+00
-5.362447372328640327e+00
-4.532681101288438263e+00
-2.302585092994045457e+00
-5.362598139298470734e+00
-3.569440479907008079e+00
-2.302585092994045457e+00
-4.532681101288438263e+00
-1.667566490455751094e+01
-4.269979382111064758e+00
