-6.795004380806674016e-01
-5.886732449230022146e-01
-6.433445244529223395e-01
5.557443862225008857e-01
-1.389065634488596768e+00
-1.200622357060121814e+01
2.036266994608540437e-01
-1.440522783185491873e+00
-3.102632044143772028e+00
-3.446747001189722770e+00
-5.080289022142586930e+00
-2.897129743584153427e+00
-3.735978487374058243e+00
-5.550076351753544301e+00
-4.098864931038412429e+00
-3.388277870733868102e+00
-4.582803270807716878e+00
-3.777931595005599164e+00
-5.549054001114039458e+00
-1.798323235971984957e+01
