-6.714272102828785505e-01
-9.307315680022871796e-01
-4.153281336490390330e-01
4.536493031427880074e-01
-3.831061193075760762e+00
-1.663202203363244536e+01
-6.019227889017119137e-01
-9.000000000000000000e+00
-1.168616289105746375e+01
2.708190509426147141e+00
-1.505799655779772017e+01
-3.626851245896318243e+00
-1.266700682481012308e+01
1.365434588708706709e+00
-4.270874959062131992e+00
-3.605838705975889624e+00
1.365434588709066865e+00
-2.302585092994045457e+00
-2.056744901625816269e+01
-2.052083088216270923e+01
-2.302585092994045457e+00
1.365434588709181218e+00
-2.053215184484865574e+01
-3.600469729745846781e+00
