-6.031327622744153683e-01
-5.251898056149523208e-01
-8.042335737994569245e-01
5.401816425119334575e-01
-1.776163063130166808e+00
3.364722366212128946e-01
4.087408312068570304e-02
-9.000000000000000000e+00
-1.516045398158881952e+01
-2.714879624640466727e+00
-2.707734694949087473e+00
-2.969744832690948577e+00
-4.585168207656447059e+00
-5.405573805925259379e+00
-5.699502170204688412e+00
-5.693518019410643838e+00
-5.405573805927724074e+00
-2.302585092994045457e+00
-4.987687395620347353e+00
-3.600746534495279150e+00
-2.302585092994045457e+00
-5.405573805925259379e+00
-5.691334541487390375e+00
-4.994199220062528255e+00
