-7.761739105814428052e-01
-8.398326868861653027e-01
-5.544779714545466920e-01
1.007530777073210482e+00
-2.059204131404773985e+00
3.364722366212128946e-01
3.140376524496438226e-02
-9.000000000000000000e+00
-3.095947449139536456e+00
-2.078755772853974282e+00
-3.162033899089494060e+00
-2.459181123912959510e+00
-4.184332617468463411e+00
-4.939253926151302210e+00
-1.411743904317057741e+01
-1.415076019944248742e+01
-4.939253926151302210e+00
-2.302585092994045457e+00
-3.992125499752786855e+00
-3.295816896945077179e+00
-2.302585092994045457e+00
-4.939253926151303098e+00
-4.716717976233652188e+00
-3.294014790508673851e+00
