-7.232578872780967005e-01
-9.179373709967387773e-01
-4.602502787446814958e-01
9.443373400946585283e-01
-3.052100679450463261e+00
-3.358243829300309624e+00
5.387224550371797482e-01
-2.889003583222875093e+00
-2.847168354235931620e+00
-1.974643948281889383e+00
-3.854555017547509621e+00
-2.605195426291916139e+00
-4.114297712183985212e+00
-4.190734677929193630e+00
-6.248423142160376642e+00
-2.860518199972325704e+00
-4.190734677929193630e+00
-2.302585092994045457e+00
-4.421146436355580356e+00
-3.911725881550867090e+00
-2.302585092994045457e+00
-4.190734677929193630e+00
-4.965186866700463497e+00
-4.547398062038988442e+00
