-7.352247969865164379e-01
-5.767440385664198699e-01
-8.342937407434982688e-01
1.020302887264105118e+00
-6.392442089517015313e-01
-1.258547265173737983e+01
1.807429773973204257e-01
-9.000000000000000000e+00
-1.721961530846458865e+00
-1.229231816875786532e+00
-3.386645656480264055e+00
-1.878571623660100443e+00
-4.079510568016365468e+00
-3.839839949447643619e+00
-1.510057526752297896e+01
-4.603712885000950550e+00
-3.839839949447642731e+00
-2.302585092994045457e+00
-3.764837744200276948e+00
-4.093075577867349324e+00
-2.302585092994045457e+00
-3.839839949447550360e+00
-4.170334516621713838e+00
-4.464944989013748256e+00
