-6.914184556735931686e-01
-7.514311737302760141e-01
-7.434832051684090448e-01
5.411926106592767072e-01
-1.905159313015550415e+00
-3.095535978463969329e+00
-2.098437810081540400e-01
-9.000000000000000000e+00
-4.158006812427320398e+00
-4.644897654156338263e+00
-4.622469661462476509e+00
-3.222225519114219949e+00
-3.780028442144942158e+00
-5.782874994786587841e+00
-4.208308735229658204e+00
-3.974063480404416371e+00
-6.280859526156888251e+00
-3.932099143085668214e+00
-4.694587921585616996e+00
-5.603747454341934997e+00
