-6.593192729000262320e-01
-6.937318098993217053e-01
-8.569147904035024910e-01
7.334755171267925977e-01
-1.351493417885115678e+00
3.364722366212128946e-01
1.686255612370604340e-01
-9.000000000000000000e+00
-1.098054506884071735e+01
-2.650026323073654488e+00
-2.206877958742615942e+00
-2.638821922539964504e+00
-4.197605571474574582e+00
-4.523803054583137140e+00
-1.891090463175726555e+01
-3.862187442193369957e+00
-4.523803054583137140e+00
-2.302585092994045013e+00
-5.252630415228295213e+00
-3.859771724482325528e+00
-2.302585092994045013e+00
-4.523803054583138028e+00
-1.891553087814413203e+01
-4.560179685492673052e+00
