-6.547695790713986552e-01
-7.607189976840154078e-01
-5.785059305889931336e-01
1.154103598659646845e+00
-1.396368414329697272e+00
3.364722366212128946e-01
-8.243403409218852396e-01
-2.312815866876846371e+00
-3.041616174867749045e+00
-1.537366640832192877e+00
-3.115130931986903384e+00
-2.328413932182784585e+00
-1.247549628939594157e+01
-2.845234866931086515e+00
-4.764926791439013876e+00
-3.315073342839613524e+00
-2.845234866931071416e+00
-2.302585092994045457e+00
-3.897355734864339283e+00
-3.148472369766707857e+00
-2.302585092994045457e+00
-2.845234866930995032e+00
-4.569425255281878151e+00
-4.355017225581251594e+00
