-6.895764010663718580e-01
-7.175593509430783223e-01
-4.596249982362402009e-01
3.667337695518564922e-01
-1.023142578146516213e+00
-3.228863850708899808e+00
6.914364043945358954e-04
-9.000000000000000000e+00
-4.919905919088492396e+00
-1.952170510696139116e+00
-1.059805032333236197e+00
-2.058676443574512405e+00
-2.990247377762199399e+00
-8.372049580175811023e-01
-4.287768142806370975e+00
-2.984203203377078228e+00
-8.372049580176302852e-01
-2.302585092994045457e+00
-4.355921298992912583e+00
-3.769516272994423822e+00
-2.302585092994045457e+00
-8.372049580175120465e-01
-4.197230159729129717e+00
-3.903520702048096869e+00
