-6.722414969769042736e-01
-5.672336673992428580e-01
-8.225966047376360724e-01
6.449923588281976095e-01
-1.039745542912554610e+00
-2.759490264277504767e+00
-5.587806685130273232e-01
-9.000000000000000000e+00
-2.461604291076295414e+00
-2.096913810536616296e+00
-1.349074112782549228e+01
-7.783322245804120687e-01
-1.329923366661445350e+01
-4.868569833549051928e+00
-3.891951849594274648e+00
-5.275316837019955463e-01
-4.868569833549052817e+00
-2.302585092994045457e+00
-4.252875184980401180e+00
-1.408889705970966943e+01
-2.302585092994045457e+00
-4.868569833549045711e+00
-9.936504958090763839e-01
-3.530929929345211882e+00
