-6.212976427858951656e-01
-7.319591666369676952e-01
-5.079252510689803435e-01
4.129396839561919608e-01
-1.378754543403159172e+00
3.364722366212128946e-01
-2.334564135623627412e-01
-3.684542043501300324e+00
-1.661334443162546037e+01
-3.983745569172312262e+00
-1.777053960167275903e+01
-3.909833453355930466e+00
-3.830040452143009144e+00
-8.464321641318572897e-01
-1.776919403974815381e+01
-2.799843627097847065e+00
-1.771559934949198123e+01
-3.907976588608377266e+00
-5.298157231852140825e+00
-4.197089536858410241e+00
