-6.392734435919563696e-01
-6.208633668232539371e-01
-7.122747325833125309e-01
6.284120377492803389e-01
-1.680921007912694831e+00
3.364722366212128946e-01
5.814050551021478913e-02
-9.000000000000000000e+00
-3.210776706046479578e+00
-2.177322540036680465e+00
-4.110004803922482353e+00
-3.251140816802513545e+00
-5.709392162408287064e+00
-4.952077431089165316e+00
-6.051423133573684332e+00
-1.865520452997633916e+00
-4.952077431089165316e+00
-2.302585092994044569e+00
-1.237992029986101628e+01
-3.750836094372540508e+00
-2.302585092994044569e+00
-4.952077431089313642e+00
-5.715894848153268981e+00
-4.784139997081784834e+00
