-6.517450687145041055e-01
-4.827960810592770158e-01
-7.938271235479370525e-01
4.061595554171283373e-01
-1.438123511531459009e+00
-1.167539604000238107e+01
-4.895662995043270627e-02
-9.000000000000000000e+00
-3.599203750921033063e+00
-2.506355642918481674e+00
-4.529660067671512635e+00
-3.837387453842617369e+00
-5.674872619012456099e+00
-5.481522215632810280e+00
-1.668944574329119490e+01
-4.561190862490192899e+00
-5.481522215632891992e+00
-2.302585092994045901e+00
-5.665942375650136142e+00
-4.749962256584598919e+00
-2.302585092994045901e+00
-5.481522215632891992e+00
-4.968686076742889313e+00
-4.744493093467215594e+00
