-7.699311014740457537e-01
-7.807384258897446250e-01
-6.207371537330553801e-01
6.056980076626389264e-01
-1.772915399266809189e+00
-3.646972627384015730e+00
-2.141614244088851093e-01
-1.437574162397090571e+00
-3.694226475387469844e+00
-3.314523676460506607e+00
-5.036089834070427429e+00
-3.872128865508065676e+00
-6.030184258181574997e+00
-4.968529119744337308e+00
-4.489216146608304925e+00
-4.159178608422762657e+00
-6.064326517698169106e+00
-4.767188312164402753e+00
-4.834568824617439198e+00
-5.093858112693453677e+00
