-5.864100987144034161e-01
-7.203134705301484919e-01
-5.235800609850876919e-01
4.507275472833326413e-01
-1.934757277060338510e+00
-1.468193469698135800e+01
-2.712312207827469734e-01
-3.296357711543301150e+00
-1.976012084191039797e+00
-1.580748363765781761e+00
-5.522286409993785838e+00
-2.765213082546094991e+00
-1.573371643525163321e+01
-2.605394745705268633e+00
-1.657493149489023665e+01
-3.726031044776324297e+00
-2.605394745705168713e+00
-2.302585092994045457e+00
-1.623744687832350309e+01
-3.504430433294976499e+00
-2.302585092994045457e+00
-2.605394745704937343e+00
-4.019774251677259436e+00
-1.656050927279865093e+01
