-7.210319493561727633e-01
-9.094319161369919247e-01
-4.651261607334903903e-01
9.107517134464525599e-01
-3.001912885511688334e+00
3.364722366212128946e-01
4.874100269694715548e-01
-2.919737691189583817e+00
-2.673631654312691452e+00
-2.015324146083182555e+00
-3.819390389941424768e+00
-2.593504256738687008e+00
-4.088047324152487505e+00
-4.174880411550472736e+00
-6.273450374485351588e+00
-2.776949719704955744e+00
-4.174880411550472736e+00
-2.302585092994045457e+00
-4.391997396694462097e+00
-3.896257103720302872e+00
-2.302585092994045457e+00
-4.174880411550472736e+00
-4.944512494794798485e+00
-4.526543218297254256e+00
