-5.966175901263565118e-01
-4.901281090567640164e-01
-9.620538580943842621e-01
1.035148918762010206e+00
-1.535643131728789967e+00
-5.546732058467031656e+00
-6.125986234424041221e-01
-3.429250606053563022e+00
-2.330687051836411783e+00
-2.115808015657291818e+00
-3.884092166003004554e+00
-1.629636380728439082e+00
-4.341590324359135167e+00
-4.468680116798219082e+00
-1.301646357670598775e+01
-2.602239418081489841e+00
-4.468680116798219082e+00
-2.302585092994045457e+00
-4.342957897104699150e+00
-3.051066865215434909e+00
-2.302585092994045457e+00
-4.468680116798219082e+00
-1.293959193510787031e+01
-5.463404916264798850e+00
