-6.966473401894823780e-01
-7.097334138170745543e-01
-5.723696523014606408e-01
9.490656689279516334e-01
-2.141117434085721083e+00
-1.166855477772488037e+01
-9.093113512380341934e-01
-2.840678213185380052e+00
-3.207278973271716183e+00
-1.667783132465090912e+00
-4.477604214650698466e+00
-1.850976297920037483e+00
-5.400342463066204246e+00
-4.688905766630132810e+00
-4.567875619764611095e+00
-3.254881862353660171e+00
-4.688905766630307781e+00
-2.302585092994046789e+00
-4.584007604875536046e+00
-4.706168447915589859e+00
-2.302585092994046789e+00
-4.688905766630155014e+00
-4.497358875362329478e+00
-3.740494857411526208e+00
