-5.765141699555161869e-01
-6.805448448614794810e-01
-6.956930086086540177e-01
5.248262525715564619e-01
-6.567285096451744852e-01
-2.309445376049219956e+00
1.317657524884136011e-01
-9.000000000000000000e+00
-2.552198204651586977e+00
-1.705981298175476280e+00
-4.055533305866187987e+00
-1.604553844817124597e+00
-4.545240967454872383e+00
-4.111994730915519369e+00
-4.648845782222108092e+00
-1.751532010374122095e+00
-4.111994730915519369e+00
-2.302585092994045457e+00
-2.585454851368655937e+00
-3.565028816652741295e+00
-2.302585092994045457e+00
-4.111994730915838225e+00
-2.319210961842721019e+00
1.579874872050782142e-01
