-5.804628327573634339e-01
-6.010759146868263070e-01
-7.113728043180181926e-01
5.864192685052505016e-01
-1.580386595304595687e+00
3.364722366212128946e-01
-7.217786449089421373e-03
-9.000000000000000000e+00
-3.016676776856176634e+00
-2.358016613248482773e+00
-5.292147967241132456e+00
-3.477651600709992685e+00
-1.523332126015737131e+01
-4.943675705525837571e+00
-4.945085049370105068e+00
-4.251454150817461475e+00
-4.943675705525807373e+00
-2.302585092994045457e+00
-1.592939245486707378e+01
-3.551143398244016591e+00
-2.302585092994045457e+00
-4.943675705525804709e+00
-4.248703810947493054e+00
-4.946939069733493177e+00
