-6.451494571408823431e-01
-7.116301902053399075e-01
-7.632817453545212016e-01
5.953510406103662556e-01
-1.404941133926339125e+00
-1.388503190409855925e+01
-2.738941513483855505e+00
-2.738941513483854173e+00
-5.327714968274640389e-02
-2.012723485197616569e+00
-3.526937358510068510e+00
-3.033600545831024675e+00
-4.795756864838342182e+00
-4.649769544381072706e+00
-4.364438555535348208e+00
-3.229584264325091603e+00
-4.649769544381072706e+00
-2.302585092994045457e+00
-4.775600309834109325e+00
-4.161010054016503368e+00
-2.302585092994045457e+00
-4.649769544381072706e+00
-1.810903171511496268e+01
-1.813153571986511725e+00
