-7.180098005770477743e-01
-6.855825634145384928e-01
-7.062074203747942258e-01
6.042172844667168530e-01
-1.782441077110664240e+00
-8.605673188458753842e+00
-7.044558173743367679e-02
-9.000000000000000000e+00
-3.594877615096438106e+00
-2.674783358562516700e+00
-2.908747503919578481e+00
-2.145398929712303282e+00
-3.786051608578860694e+00
-4.825054879425809240e+00
-6.672655466817162484e+00
-3.018197821023297145e+00
-4.825054879425962895e+00
-2.302585092994045457e+00
-4.225709799938139888e+00
-3.240550431691852751e+00
-2.302585092994045457e+00
-4.825054879425960230e+00
-5.845710122574581113e+00
-5.016173082091532009e+00
