-6.589187632572484077e-01
-7.695870876108286129e-01
-4.649045064073107358e-01
7.526632427840573847e-01
-1.292473134537089896e+00
3.364722366212128946e-01
1.366364998102177486e-01
-8.329875321747209682e+00
-2.705687081149944273e+00
-3.631624076709145221e+00
-6.344882216906828631e+00
-1.699049747665369425e+00
-4.009760103268958709e+00
-3.661418636704577789e+00
-3.409023184138580298e+00
-3.194462921500178965e+00
-5.901786875072464689e+00
-4.734422712116557186e+00
-4.242410993937314245e+00
-4.248533487530728792e+00
