-5.074984497004211281e-01
-3.721949264493810139e-01
-8.417657163514721264e-01
1.188682186266576402e+00
-3.742909598069674160e-01
3.364722366212128946e-01
-2.976283298510674635e-01
-9.000000000000000000e+00
-2.511019711134436339e+00
-1.637883450029196775e+00
-1.248660260052063098e+00
-1.727235204162762994e+00
-3.422141936535425533e+00
-3.809776169896361697e+00
-1.600005578508825010e+01
-2.612778487638140579e+00
-3.809776169896349707e+00
-2.302585092994045457e+00
-4.404593407246961689e+00
-3.026920216632828620e+00
-2.302585092994045457e+00
-3.809776169896298192e+00
-3.395064444239565660e+00
-4.413689023375091836e+00
