-4.821291920041506640e-01
-5.197541232531492916e-01
-1.098648368784492346e+00
-3.717673365060769619e-01
3.069430298928831347e-01
-3.268383278985020723e+01
-1.152961400154606686e+00
-9.000000000000000000e+00
-2.013819570154264937e+01
-2.010543685773244960e+01
-2.038157294210752823e+01
-2.017627902422781361e+01
-2.014289322908877722e+01
-2.014289322908877722e+01
-2.165200975936074101e+01
-2.034899004277667345e+01
-2.116106832397223059e+01
3.890942840031182959e-01
-2.023594832579047420e+01
-2.023594832579047420e+01
