-6.646581234491211188e-01
-5.040753424564994312e-01
-6.735116673226733131e-01
9.707598181632355328e-01
-1.316038203896756631e+00
-1.158344613250197419e+01
1.717829497843257613e-01
-6.957498102665070405e+00
-2.590758370413956957e+00
-9.353980364831142591e-01
-1.145196255296160182e+01
-2.956394353078675596e+00
-4.068461294838044751e+00
-4.461343485748454185e+00
-1.425103463150491478e+01
-4.066224875926581106e+00
-4.461343485748459514e+00
-2.302585092994045457e+00
-1.426118186443878422e+01
-1.426051802434882632e+01
-2.302585092994045457e+00
-4.461343485748444415e+00
-1.425978538923514272e+01
-1.425978538923514272e+01
