-7.066362247861333046e-01
-8.803130520078326082e-01
-4.920913558600653048e-01
7.690228173540001322e-01
-1.214972416254934018e+00
-9.989047110404616348e+00
1.315555297988889039e-01
-9.000000000000000000e+00
-2.345209489188090579e+00
-1.202290610291965933e+00
-2.572723221182158682e+00
-2.121404426066212601e+00
-3.988475298032844840e+00
-3.467827159156567696e+00
-3.805696552497426666e+00
9.852625283571417869e-01
-3.467827159156572137e+00
-2.302585092994045457e+00
-4.341854900484416468e+00
-1.115267333671252992e+01
-2.302585092994045457e+00
-3.467827159156545491e+00
-4.343028130841727119e+00
-4.352956363383082561e+00
