-5.567047108634840535e-01
-7.283334638057979982e-01
-5.286537386010023987e-01
7.209053194553750599e-01
-1.871962647184093997e+00
3.364722366212128946e-01
-3.312007415119904707e-01
-9.000000000000000000e+00
-2.952101247513029048e+00
-2.247817857764277782e+00
-3.969983850812819348e+00
-3.431936306243096979e+00
-3.650883847659891934e+00
-2.790725990326153205e+00
-1.571323843795792286e+01
-3.991062156867129840e+00
-2.790725990326170525e+00
-2.302585092994045457e+00
-4.691733027397861910e+00
-3.988118188812258769e+00
-2.302585092994045457e+00
-2.790725990326357042e+00
-4.281770891437088444e+00
-1.572275915911649946e+01
