-5.751983777766438433e-01
-4.854458442865220991e-01
-9.428210003461582334e-01
2.302496468902453797e-01
-1.923365279199860778e+00
-1.471971423238924714e+01
-1.744246714450385372e-01
-9.000000000000000000e+00
-3.255036402632307979e+00
-1.845385954046583787e+00
-3.922156521078486335e+00
-2.967781678638607978e+00
-3.219980488808078078e+00
-4.744046019438431294e+00
-1.728166834025256549e+01
-3.123097763438566599e+00
-4.744046019438347805e+00
-2.302585092994045901e+00
-1.850661201209441842e+01
-3.836024369959746494e+00
-2.302585092994045901e+00
-4.744046019438481920e+00
-4.530730265048398486e+00
-1.850997681143991258e+01
