-6.387033525177654436e-01
-8.717952961169613824e-01
-4.676402904073962419e-01
6.768469474535067087e-01
-1.535272603327508811e+00
-1.431717718705805709e+01
-3.716691984890386546e+00
-3.727162134498017032e+00
1.044818488616362090e-02
-2.043093122478885526e+00
-3.946584494919892716e+00
-3.398129747270029366e+00
-4.264756082107975743e+00
-4.286528160241434904e+00
-4.527416240989968088e+00
-4.212265339912399931e+00
-4.286528160241036112e+00
-2.302585092994045457e+00
-4.000144133680872294e+00
-4.003045839404209438e+00
-2.302585092994045457e+00
-4.286528160241433127e+00
-1.984658545128105089e+01
-4.931227198613762575e+00
