-5.074602750993206790e-01
-3.722127584364871011e-01
-8.417037025904721137e-01
1.188743646047617286e+00
-3.741259212998510608e-01
-1.400944077170082380e+01
-2.975736679735855317e-01
-9.000000000000000000e+00
-2.510902208791010448e+00
-1.637700400109344478e+00
-1.248731112609645422e+00
-1.726491680740784185e+00
-3.422319301187796814e+00
-3.809170385519446533e+00
-1.407421333947687714e+01
-2.612978664605076773e+00
-3.809170385526848612e+00
-2.302585092994045901e+00
-4.407419996322887279e+00
-3.025990884290252758e+00
-2.302585092994045901e+00
-3.809170385526837510e+00
-3.393558991313969209e+00
-4.412866891650183199e+00
