-5.628826766619422495e-01
-6.163754111405792546e-01
-7.193135926463914975e-01
4.366721457723031774e-01
-1.690226182790167675e+00
-1.390248289530041603e+01
2.246035566242327586e-01
-9.000000000000000000e+00
-3.207459862403283957e+00
-2.320958234114329777e+00
-4.341555980708909246e+00
-2.842354518713944511e+00
-1.734841186543402003e+01
-4.447795189543222172e+00
-1.785851790717416776e+01
-3.911662583514715408e+00
-4.447795189543222172e+00
-2.302585092994045013e+00
-5.305778946322409872e+00
-3.915347642696779928e+00
-2.302585092994045013e+00
-4.447795189543223060e+00
-5.305869741090769587e+00
-5.306251522441079338e+00
