-7.697793534121136760e-01
-7.814089374073909244e-01
-6.205613178927809059e-01
6.062034447800807024e-01
-1.771768002052743762e+00
3.364722366212128946e-01
-2.284656310744974661e-01
-1.391650745536554767e+00
-3.679402156697983983e+00
-3.307716269948365539e+00
-5.028639250165677588e+00
-3.861029653192587396e+00
-6.018627064051011111e+00
-4.958348937607452100e+00
-4.479736111118490349e+00
-4.150051637308081354e+00
-6.052976097285660551e+00
-4.757043270047427441e+00
-4.824868301707633478e+00
-5.083522829195937121e+00
