-5.471307899642736672e-01
-5.430011852180359755e-01
-7.010381198497207533e-01
2.763005600806002771e-01
-8.746083222590655959e-01
-9.041380164426264798e+00
4.725653023706500866e-01
-9.000000000000000000e+00
-3.291401673262284167e+00
-3.545976189992725569e+00
-6.152874111286396719e+00
-3.847490856217617328e+00
-2.298282082048253905e+00
-5.570497737137605654e+00
-4.909806939344700361e+00
-3.896110072014563830e+00
-5.391545296441677237e+00
-2.415632588207372589e+00
-6.079100568896166124e+00
-4.979092972179783416e+00
