-6.025908771819513676e-01
-5.409129404588299828e-01
-9.994838222860163990e-01
8.227321002391521088e-01
-1.793904304346300549e+00
-2.579409946277276156e+00
-2.344439656697723529e-01
-9.000000000000000000e+00
-4.957123420977740835e+00
-4.231374554885403150e+00
-5.383301475552793036e+00
-4.089666996431116530e+00
-1.112912029193342534e+01
-3.141448159000165496e+00
-3.503202704886503316e+00
-4.096031476945804606e+00
-1.167444573665574836e+01
-3.788428107078149143e+00
-3.675226645488505195e+00
-4.770966610165985777e+00
