-6.437190094452940325e-01
-7.673354886754182314e-01
-6.280344207474581886e-01
4.645007807863541505e-01
-1.281915542283677878e+00
3.364722366212128946e-01
4.694305774295697703e-02
-9.000000000000000000e+00
-2.869237453057705611e+00
-1.632732717426750746e+00
-3.378229008113853293e+00
-2.653884851148021085e+00
-4.953471063523835483e+00
-2.444841316461080716e+00
-1.362806570928855798e+01
-1.304999357411266159e+00
-2.444841316461102032e+00
-2.302585092994045457e+00
-4.320838437074900895e+00
-3.909492829809790848e+00
-2.302585092994045457e+00
-2.444841316461160208e+00
-4.177312388621800210e+00
-4.512461640954900766e+00
