-6.837043822442694374e-01
-8.844541360353751491e-01
-5.905866439318082639e-01
3.229672041259679660e-01
-1.491769072739103086e+00
-1.445320305160754337e+01
-2.964022021713132116e+00
-2.964022021712956700e+00
-6.190929312509844268e-02
-2.328205009813833382e+00
-4.342145168652097098e+00
-2.613525352920815781e+00
-1.254679985854079938e+01
-1.959722114941609972e+00
-4.548685687877580541e+00
-2.342020179986442852e+00
-1.959722114941536919e+00
-2.302585092994045457e+00
-3.890744667987912742e+00
-3.817994044308575141e+00
-2.302585092994045457e+00
-1.959722114941339743e+00
-3.860347967378074063e+00
-3.446940466332746755e+00
