-7.762498575787130095e-01
-8.396288662855209139e-01
-5.545648509295131312e-01
1.007216541968920964e+00
-2.059141321944804925e+00
-1.207823083719308244e+01
3.123973623780429074e-02
-9.000000000000000000e+00
-3.095132668968917145e+00
-2.079108657431504970e+00
-3.162290710096263169e+00
-2.459284299575304367e+00
-4.183523776418705431e+00
-4.944364719734332780e+00
-1.477878372034303744e+01
-1.481236826466541068e+01
-4.944364719734335445e+00
-2.302585092994045013e+00
-3.989557906911827434e+00
-3.295648198527660444e+00
-2.302585092994045013e+00
-4.944364719734409164e+00
-4.717898713062538718e+00
-3.293792321548087543e+00
