-6.021866646032397741e-01
-5.375907063758642579e-01
-9.997297474380648641e-01
7.967814563164891117e-01
-1.774146760499665243e+00
3.364722366212128946e-01
-2.371159724796954027e-01
-9.000000000000000000e+00
-4.943863433144219499e+00
-4.189648042659925409e+00
-5.353099133469161330e+00
-4.056352010019105947e+00
-1.544578352306726110e+01
-3.111265825753746217e+00
-5.192739657596134428e+00
-4.064661164968549123e+00
-1.641963525676636948e+01
-3.011959795993994327e+00
-4.824010608034088321e+00
-3.379465545015804651e+00
