-5.756546208738488879e-01
-8.623246363699386130e-01
-5.705238258286408071e-01
8.108750752168982778e-01
-1.270667057566321034e+00
-4.373539530903276074e+00
2.439633809772602524e-01
-9.000000000000000000e+00
-4.211135026929642144e+00
-2.187122363589633967e+00
-1.790625420886555963e+00
-2.045701115406367343e+00
-4.436683460971761583e+00
-3.845219880969413140e+00
-4.753722101193159411e+00
-3.548101108282464278e+00
-3.845219880969444670e+00
-2.302585092994045457e+00
-4.561357823206918738e+00
-3.514258406713054228e+00
-2.302585092994045457e+00
-3.845219880969433124e+00
-4.197535917352900547e+00
-4.201104254187385756e+00
