-6.451530376508676223e-01
-7.115972565666979222e-01
-7.635399223985376294e-01
5.950808436091936660e-01
-1.404839753589951057e+00
3.364722366212128946e-01
-5.346276321928678660e-02
-9.000000000000000000e+00
-3.524506374485275817e+00
-3.034346950377434293e+00
-2.011123469380524220e+00
-2.045988654027647513e+00
-4.795030736187598563e+00
-4.648680506125538514e+00
-4.362200372014931382e+00
-3.229702030413665437e+00
-4.648680506125540290e+00
-2.302585092994045457e+00
-4.778911831239073038e+00
-4.159890051024930813e+00
-2.302585092994045457e+00
-4.648680506125539402e+00
-1.123705161929014729e+01
-1.813182603368380885e+00
