-5.806081336214757860e-01
-1.397550741065591628e+00
-3.048563012520726367e-01
6.483415825480298711e-01
-1.038273865972578314e+00
-3.597425209984614014e+01
4.581493257744076453e-01
-9.000000000000000000e+00
-1.509490720752975790e+01
-2.782687272640922416e-01
-1.713965252400540962e+01
4.580862370623138835e-01
-2.577309967831910686e+00
-2.290219264600483484e+01
-2.985620020203369762e+01
-3.271627252148122444e+00
-2.290219264600483839e+01
-2.302585092994045457e+00
-2.998941660821705213e+01
-3.270622777726658548e+00
-2.302585092994045457e+00
-2.290219264600483484e+01
-2.582352773504631660e+00
-2.999787379788552499e+01
