-5.900685959504879952e-01
-4.746904380300386861e-01
-9.209410479320480070e-01
6.495098139192558850e-01
-1.330668796037873802e+00
3.364722366212128946e-01
-1.153634883020928231e-01
-9.000000000000000000e+00
-7.304790953171520940e+00
-2.348536378322938489e+00
-4.162812796703709850e+00
-2.370905538826233894e+00
-5.343668785809921218e+00
-5.323517068168750477e+00
-6.056404163445818334e+00
-4.089231398703709885e+00
-5.323517068168750477e+00
-2.302585092994044125e+00
-6.050867691482073596e+00
-4.652845249527974403e+00
-2.302585092994044125e+00
-5.323517068168750477e+00
-1.057871127740478556e+01
-4.656393752666409647e+00
