-5.897128334930522575e-01
-9.141046036217360671e-01
-4.664791543079512826e-01
6.561044060798457700e-01
-1.487419894025152178e+00
3.018339227794072932e-01
6.324551367839542637e-02
-1.374992177646982450e+00
-3.074462148866497824e+00
-2.502263158317003189e+00
-1.537520233296227445e+01
-3.298677836855049783e+00
-4.543889955809067516e+00
-3.962496101153642147e+00
-4.584690091990982985e+00
-3.287045133205674041e+00
-1.556134953453668679e+01
-2.380747419401041842e+00
-4.579361705508054214e+00
-4.589091170970399425e+00
