-6.787616350841962909e-01
-6.559189988804152716e-01
-5.952344907045917788e-01
6.644902316130621989e-01
-1.473110709722730949e+00
-1.376108784514379835e+01
-2.302585092994045457e+00
-2.302585092994045457e+00
-3.060522274434048562e+00
-3.060522274434203549e+00
-8.441408091654173385e-02
-3.410251828876031954e+00
-4.151185347518847379e+00
-4.753993192402724333e+00
-5.349905984387866908e+00
-3.240595491269441464e+00
-4.753993192402483636e+00
-2.302585092994045457e+00
-2.027804553924565667e+01
-4.365309780185085309e+00
-2.302585092994045457e+00
-4.753993192402167445e+00
-5.283868345950942569e+00
-4.877908868496081851e+00
