-7.555037623771762023e-01
-9.113985391792359669e-01
-3.935262649932328438e-01
6.118897901611030088e-01
-1.436245596440687056e+00
-3.056762803063899359e+00
1.562990257535311622e-01
-9.000000000000000000e+00
-3.248747899204915246e+00
-3.280475271049495767e+00
-4.404395623643986291e+00
-3.354767782997110981e+00
-4.284824999380957067e+00
-1.866902329273023797e+00
-4.238782420494061398e+00
-3.220325208511664261e+00
-6.648421784493376840e+00
-1.716033457740561596e+00
-4.471488702489046396e+00
-4.779635743253838776e+00
