-6.552731833709583009e-01
-6.460836316908525889e-01
-6.869149855600430454e-01
5.639694170938555073e-01
-6.071570806309531942e-01
-5.064132547962441500e+00
3.590581627210400195e-01
-9.000000000000000000e+00
-2.164232298010738464e+00
-1.558087304260611816e+00
-3.304427052460126468e+00
-2.368438816341209563e+00
-4.000607591686424769e+00
-4.589490155024277485e+00
-9.350229057378541597e+00
-3.442407442502895543e-01
-4.589490155024276596e+00
-2.302585092994045457e+00
-3.439294468112566339e+00
-3.469213461529907061e+00
-2.302585092994045457e+00
-4.589490155024256168e+00
-4.853988672933405191e+00
-3.857728495755690545e+00
