-6.291767113389598043e-01
-7.121473014836481319e-01
-5.929633856146386828e-01
1.115288388402364994e+00
-1.698786206986119041e+00
-1.095138754165440531e+01
1.237042566194442167e-01
-9.000000000000000000e+00
-2.778291580829274299e+00
-1.772538987586671944e+00
-3.885632344756229539e+00
-2.284970187848851531e+00
-4.251203811842370506e+00
-4.091085082737750511e+00
-4.930754469564095466e+00
-4.198724261710204075e+00
-4.091085082737747847e+00
-2.302585092994045457e+00
-4.726804006026013028e+00
-3.435949513150352352e+00
-2.302585092994045457e+00
-4.091085082737747847e+00
-4.457068013480331103e+00
-3.995122736899979987e+00
