-7.068458928976516509e-01
-8.804686566804699188e-01
-4.920486299367545224e-01
7.691292908534925754e-01
-1.215657657516999945e+00
3.364722366212128946e-01
1.316235278447412116e-01
-9.000000000000000000e+00
-2.338225070223915125e+00
-1.203319011654712778e+00
-2.572780115899652831e+00
-2.122626692296203821e+00
-3.984530143082224640e+00
-3.467457137011263679e+00
-3.814339297739653301e+00
9.860148150351869534e-01
-3.467457137011731749e+00
-2.302585092994045457e+00
-4.337866339944079996e+00
-1.500565913198833812e+01
-2.302585092994045457e+00
-3.467457137011453749e+00
-4.339067580617989250e+00
-4.349239947478182877e+00
