-6.287939020646740040e-01
-5.626723237340652828e-01
-5.550838151302310841e-01
7.240072597585717196e-01
-1.702733037664873494e+00
3.364722366212128946e-01
2.688926661848911048e-01
-9.000000000000000000e+00
-3.560151829949770974e+00
-1.594305628436878663e+01
-1.881926492493464664e+01
-3.153612338003755955e+00
-4.261094851041697495e+00
-4.971440217527983485e+00
-1.953856590350537203e+01
-3.852715754053686048e+00
-1.948837535844845803e+01
-4.264542266262165704e+00
-4.263613453875749748e+00
-1.954325966915582669e+01
